1 6.50664e-05 -0.000155319 -0.0040273 -6.50731e-05 1 -4.31134e-05 -0.00340864 0.000155316 4.31235e-05 1 0.000156805
0.999993 -0.00378795 -0.000693869 0.343902 0.00378831 0.999993 0.000514403 -0.0102702 0.000691915 -0.000517028 1 0.0104751
0.999169 -0.0407209 -0.00147244 0.863536 0.0407205 0.999171 -0.00025545 0.024109 0.00148162 0.00019528 0.999999 0.00640808
0.999616 0.0275608 -0.00295601 1.36265 -0.0275693 0.999616 -0.00287565 -0.00525156 0.00287562 0.00295604 0.999991 0.0321872
0.995576 0.0910542 0.0231832 1.85785 -0.0911534 0.995832 0.00325468 -0.0413508 -0.0227902 -0.00535351 0.999726 -0.0090646
0.99558 0.0918158 0.019744 2.39664 -0.0919176 0.995757 0.00430759 -0.0992172 -0.0192648 -0.00610338 0.999796 -0.0292069
0.996037 0.0871394 0.0177941 2.94206 -0.0872433 0.996174 0.00514959 -0.135542 -0.0172773 -0.0066816 0.999828 -0.0145058
0.997145 0.0707992 0.0262608 3.54203 -0.0708535 0.997486 0.00114039 -0.184284 -0.0261141 -0.0029978 0.999654 -0.0549345
0.996956 0.0664747 0.0407309 4.07929 -0.0664252 0.997788 -0.00256837 -0.236586 -0.0408116 -0.000145004 0.999167 -0.064925
0.997329 0.0636437 0.0358494 4.63538 -0.0637814 0.99796 0.00270866 -0.260632 -0.0356039 -0.00498795 0.999354 -0.0678525
0.99722 0.062631 0.0403615 5.21207 -0.0626914 0.998033 0.000232964 -0.295825 -0.0402675 -0.00276264 0.999185 -0.0995583
0.997353 0.0587285 0.0428746 5.75494 -0.0587423 0.998273 -0.000940109 -0.312105 -0.0428558 -0.00158093 0.99908 -0.118681
0.997444 0.0610459 0.03713 6.32949 -0.0611043 0.998131 0.000438336 -0.3594 -0.0370338 -0.00270602 0.99931 -0.140145
0.997671 0.0583041 0.0354036 6.88522 -0.058337 0.998297 -0.00010494 -0.394383 -0.0353494 -0.00196064 0.999373 -0.153527
0.997817 0.0581233 0.0313417 7.45618 -0.0581533 0.998308 4.54936e-05 -0.425234 -0.031286 -0.00186802 0.999509 -0.175599
0.997912 0.0565909 0.0311368 8.01592 -0.0565894 0.998397 -0.000930719 -0.458768 -0.0311396 -0.000833237 0.999515 -0.210109
0.998 0.0541897 0.0325526 8.58887 -0.054253 0.998527 0.00106412 -0.48567 -0.0324469 -0.00282806 0.999469 -0.216135
0.998379 0.0521637 0.0227663 9.13934 -0.0521623 0.998638 -0.000655313 -0.519426 -0.0227695 -0.000533291 0.999741 -0.23288
0.997752 0.0498444 0.0447872 9.71767 -0.0499738 0.998749 0.00177322 -0.557744 -0.0446427 -0.00400742 0.998995 -0.257414
0.997197 0.0498267 0.0558087 10.2746 -0.0498916 0.998755 -0.000231374 -0.56956 -0.0557507 -0.00255366 0.998441 -0.278952
0.998192 0.0463276 0.0383077 10.8274 -0.0464308 0.99892 0.00180708 -0.604629 -0.0381826 -0.00358247 0.999264 -0.298961
0.998431 0.0455074 0.032622 11.3971 -0.0455448 0.998962 0.000403318 -0.632177 -0.0325698 -0.00188845 0.999468 -0.305996
0.998458 0.0442916 0.0334541 11.9597 -0.0443245 0.999017 0.000243742 -0.65602 -0.0334105 -0.00172621 0.99944 -0.340736
0.998612 0.0416745 0.0322222 12.5219 -0.0416392 0.999131 -0.00176376 -0.694951 -0.0322677 0.000419605 0.999479 -0.351449
0.998404 0.0419212 0.0378456 13.0855 -0.0416646 0.999103 -0.00754404 -0.716023 -0.0381279 0.00595518 0.999255 -0.370419
0.998646 0.0388129 0.0346357 13.6455 -0.0386807 0.999242 -0.0044785 -0.730774 -0.0347832 0.0031327 0.99939 -0.387429
0.998196 0.0371402 0.0471765 14.2102 -0.0370216 0.999309 -0.00338521 -0.759978 -0.0472696 0.00163255 0.998881 -0.409411
0.998682 0.0365598 0.0360218 14.7682 -0.0364045 0.999325 -0.0049597 -0.77563 -0.0361788 0.00364181 0.999339 -0.427838
0.998407 0.0393468 0.040432 15.3397 -0.0391679 0.999219 -0.005209 -0.803928 -0.0406054 0.00361707 0.999169 -0.440504
0.998927 0.0365481 0.0284603 15.8941 -0.036327 0.999306 -0.0082466 -0.819236 -0.028742 0.00720387 0.999561 -0.465098
0.998599 0.0355937 0.0391678 16.4597 -0.0353898 0.999356 -0.00588772 -0.8383 -0.0393522 0.00449333 0.999215 -0.487552
0.999013 0.0340364 0.0285309 17.0205 -0.0337973 0.99939 -0.00882394 -0.869655 -0.0288138 0.00785097 0.999554 -0.50571
0.999237 0.0308683 0.0239299 17.5777 -0.0306689 0.999492 -0.00865505 -0.881472 -0.0241849 0.00791454 0.999676 -0.521835
0.999162 0.02978 0.0280817 18.1376 -0.0296087 0.99954 -0.00649848 -0.902909 -0.0282623 0.00566158 0.999585 -0.525411
0.99923 0.0281151 0.0273702 18.6968 -0.0278971 0.999576 -0.0083123 -0.914423 -0.0275923 0.00754235 0.999591 -0.534509
0.999131 0.0255389 0.0329427 19.2715 -0.0253239 0.999655 -0.00693024 -0.930142 -0.0331083 0.00608998 0.999433 -0.567127
0.999121 0.0233785 0.0348054 19.8353 -0.0232273 0.999719 -0.00474072 -0.942512 -0.0349064 0.00392812 0.999383 -0.583159
0.999493 0.0222498 0.022774 20.3908 -0.0222987 0.99975 0.00189523 -0.942338 -0.0227261 -0.0024021 0.999739 -0.590822
0.99974 0.0226214 -0.00294637 20.9498 -0.0226014 0.999722 0.00664141 -0.960324 0.00309579 -0.00657309 0.999974 -0.590571
0.999812 0.0191768 0.00279915 21.5108 -0.0191942 0.999796 0.00634812 -0.977694 -0.00267685 -0.00640066 0.999976 -0.584066
0.999828 0.01828 -0.00306299 22.0692 -0.0182534 0.999797 0.00851948 -0.982544 0.0032181 -0.0084621 0.999959 -0.586518
0.999855 0.0163654 -0.00477234 22.6262 -0.0163392 0.999851 0.00548398 -1.00332 0.00486137 -0.0054052 0.999974 -0.582592
0.99988 0.0144941 -0.00549616 23.1931 -0.0144717 0.999887 0.00409591 -1.01377 0.00555491 -0.00401588 0.999977 -0.579682
0.999802 0.0130614 -0.0149968 23.7545 -0.0130274 0.999912 0.00235785 -1.00704 0.0150263 -0.00216201 0.999885 -0.561886
0.999903 0.0116658 -0.00764144 24.3106 -0.0116445 0.999928 0.00282637 -1.03482 0.00767386 -0.00273711 0.999967 -0.563669
0.999933 0.0103627 -0.00511429 24.879 -0.0103512 0.999944 0.00226706 -1.03777 0.00513749 -0.00221397 0.999984 -0.554894
0.999963 0.00684671 -0.00525156 25.4433 -0.00684755 0.999977 -0.000141834 -1.05454 0.00525046 0.000177789 0.999986 -0.552439
0.999974 0.00554055 -0.00459918 26.0047 -0.0055356 0.999984 0.00108992 -1.04127 0.00460515 -0.00106444 0.999989 -0.550869
0.999941 0.00302653 -0.0104329 26.5656 -0.00303947 0.999995 -0.00122386 -1.05855 0.0104292 0.0012555 0.999945 -0.533893
0.999531 0.028819 -0.0103315 27.1116 -0.0287966 0.999583 0.00230847 -1.06085 0.0103937 -0.00200987 0.999944 -0.533005
0.998901 0.0434815 -0.0174907 27.6576 -0.0434194 0.999049 0.00391802 -1.10541 0.0176444 -0.00315428 0.999839 -0.518688
0.996866 0.0789876 -0.00432289 28.2097 -0.0789833 0.996875 0.00117344 -1.16066 0.00440207 -0.000828326 0.99999 -0.52031
0.990575 0.130276 -0.0423009 28.7153 -0.130293 0.991473 0.00236471 -1.22646 0.0422482 0.00316911 0.999102 -0.495456
0.990851 0.132813 -0.0239926 29.2731 -0.132972 0.991107 -0.00511838 -1.31192 0.0230994 0.00826189 0.999699 -0.488432
0.989947 0.139747 -0.0218272 29.7783 -0.139896 0.990151 -0.00543244 -1.39511 0.0208531 0.00843135 0.999747 -0.468742
0.996786 0.0780184 -0.0181792 30.2895 -0.0781367 0.996925 -0.00589036 -1.41553 0.0176638 0.0072919 0.999817 -0.456865
0.996939 0.0769641 -0.0137752 30.8126 -0.0769854 0.997032 -0.00102028 -1.46827 0.0136558 0.00207765 0.999905 -0.452337
0.997035 0.074199 -0.0203848 31.3361 -0.0742488 0.997238 -0.00169256 -1.49998 0.020203 0.00320109 0.999791 -0.441394
0.99917 0.0357789 -0.0194931 31.8561 -0.0357645 0.99936 0.00108585 -1.50946 0.0195195 -0.000387787 0.999809 -0.427238
0.999235 0.0307578 -0.0241573 32.3747 -0.0307976 0.999525 -0.00127853 -1.52879 0.0241065 0.00202154 0.999707 -0.417167
0.989912 0.141444 -0.0081934 32.6476 -0.141415 0.989942 0.00397099 -1.57912 0.00867266 -0.00277226 0.999959 -0.41613
0.949437 0.313922 -0.00480545 32.6483 -0.313905 0.949446 0.00394637 -1.68669 0.00580137 -0.00223837 0.999981 -0.420398
0.8547 0.519074 -0.0070028 32.6114 -0.51908 0.854725 0.00109024 -1.82161 0.00655138 0.00270318 0.999975 -0.422583
0.924883 0.379979 -0.0144325 32.6403 -0.379999 0.924986 0.00141192 -1.73938 0.0138864 0.00417847 0.999895 -0.412816
0.979091 0.203243 -0.00854312 32.6508 -0.203205 0.979123 0.00512544 -1.62483 0.00940647 -0.00328226 0.99995 -0.41969
0.99961 0.0258956 -0.0104572 32.6709 -0.0258711 0.999662 0.0024666 -1.53159 0.0105176 -0.0021951 0.999942 -0.420528
0.988565 -0.150709 -0.00511201 32.6744 0.150701 0.988578 -0.0018841 -1.44975 0.00533757 0.00109217 0.999985 -0.415608
0.945177 -0.326551 -0.00231789 32.6846 0.32654 0.945173 -0.00437406 -1.32796 0.00361916 0.00337738 0.999988 -0.416471
0.896432 -0.443174 0.00271857 32.6745 0.443181 0.896404 -0.00710488 -1.25193 0.00071176 0.00757386 0.999971 -0.4088
0.942375 -0.334537 -0.00371369 32.6966 0.334522 0.942379 -0.00413203 -1.2932 0.00488202 0.00265161 0.999985 -0.421597
0.982694 -0.185229 0.00142696 32.7129 0.185234 0.98267 -0.00688394 -1.38586 -0.000127129 0.00702913 0.999975 -0.424789
0.999845 -0.0176116 0.000292952 32.71 0.0176121 0.999844 -0.00155005 -1.46755 -0.000265607 0.00155496 0.999999 -0.413898
0.998633 0.0522506 -0.00107414 32.7361 -0.0522482 0.998632 0.00210766 -1.51396 0.00118279 -0.00204866 0.999997 -0.419408
0.997804 0.0506714 0.0426539 33.2498 -0.0505658 0.998714 -0.00355027 -1.54785 -0.042779 0.00138564 0.999084 -0.444114
0.997611 0.0509167 0.0466955 33.7766 -0.0509033 0.998702 -0.00147683 -1.57691 -0.0467101 -0.000903656 0.998908 -0.470521
0.997746 0.0480435 0.0468567 34.2934 -0.0479383 0.998845 -0.00336748 -1.61167 -0.0469644 0.00111366 0.998896 -0.487655
0.998059 0.0484078 0.0391654 34.8247 -0.0483347 0.998827 -0.00281341 -1.62469 -0.0392557 0.0009149 0.999229 -0.498946
0.997713 0.0604324 0.0302805 35.3434 -0.0605203 0.998165 0.00199412 -1.65031 -0.0301044 -0.00382215 0.999539 -0.518226
0.997671 0.0602451 -0.0319977 35.8675 -0.0601226 0.99818 0.00477753 -1.6917 0.0322273 -0.00284261 0.999477 -0.485744
0.997656 0.0581551 -0.0360505 36.4276 -0.0581163 0.998308 0.00212398 -1.71922 0.036113 -2.38779e-05 0.999348 -0.461929
0.99791 0.0565961 -0.0311716 36.9845 -0.0565953 0.998397 0.000906617 -1.75141 0.0311729 0.000859442 0.999514 -0.435976
0.998089 0.054191 -0.0296808 37.5481 -0.0541794 0.99853 0.001196 -1.79667 0.029702 0.000414375 0.999559 -0.429702
0.9982 0.0519601 -0.0299327 38.1099 -0.0521586 0.998621 -0.00588819 -1.82247 0.0295855 0.00743884 0.999535 -0.413823
0.99851 0.0522289 -0.0158078 38.674 -0.0523882 0.998578 -0.00983505 -1.85486 0.0152716 0.0106485 0.999827 -0.39071
0.998607 0.0526707 0.00305229 39.2443 -0.0526297 0.998539 -0.0122292 -1.87766 -0.00369195 0.0120515 0.999921 -0.393945
0.998501 0.0510827 0.0196776 39.8133 -0.0509972 0.998687 -0.00482034 -1.91616 -0.019898 0.00380961 0.999795 -0.410006
0.988644 0.149557 0.0146646 40.3106 -0.149563 0.988752 -0.00068956 -1.99424 -0.0146028 -0.00151155 0.999892 -0.410241
0.950541 0.310519 0.00704576 40.7284 -0.31053 0.950563 0.000455825 -2.16191 -0.0065559 -0.0026212 0.999975 -0.409108
0.888747 0.458376 -0.00454817 41.1182 -0.458391 0.888746 -0.00282414 -2.40503 0.00274765 0.00459479 0.999986 -0.399111
0.850969 0.5223 -0.0552629 41.2656 -0.522583 0.852526 0.0103418 -2.53016 0.0525145 0.0200789 0.998418 -0.384155
0.787205 0.608421 -0.10066 41.4441 -0.606421 0.793378 0.0529569 -2.69707 0.112081 0.0193542 0.993511 -0.325154
0.737841 0.667012 -0.103373 41.6034 -0.670062 0.742274 0.00682922 -2.90777 0.0812865 0.0642277 0.994619 -0.352176
0.679946 0.728474 -0.0836579 41.7315 -0.731271 0.682075 -0.00419926 -3.07982 0.0540019 0.0640319 0.996486 -0.341759
0.550403 0.830622 -0.0844039 41.9092 -0.833194 0.552922 0.00802361 -3.44373 0.0533334 0.0659086 0.996399 -0.310161
0.429026 0.900238 -0.0742153 42.1091 -0.901959 0.431407 0.0189348 -3.92082 0.0490628 0.0588156 0.997062 -0.298591
0.275616 0.958441 -0.0736621 42.1962 -0.960393 0.277823 0.0214172 -4.43244 0.0409922 0.0648416 0.997053 -0.291053
0.118318 0.990489 -0.0702329 42.2104 -0.992388 0.120385 0.0259529 -4.81147 0.0341611 0.0666276 0.997193 -0.283477
-0.0531222 0.995862 -0.07374 42.1289 -0.99836 -0.0513883 0.0252164 -5.25977 0.0213227 0.0749586 0.996959 -0.245421
-0.0524156 0.996558 -0.0642175 42.1196 -0.998024 -0.0500441 0.0379992 -5.79362 0.0346547 0.0660823 0.997212 -0.256288
-0.0662976 0.996361 -0.0535753 42.0979 -0.996795 -0.0637265 0.048354 -6.32178 0.0447639 0.0566094 0.997392 -0.233707
-0.134015 0.98989 -0.0464503 42.0086 -0.990364 -0.132134 0.04146 -6.83306 0.0349032 0.051559 0.99806 -0.214921
-0.223983 0.97369 -0.0419372 41.8791 -0.974508 -0.223188 0.0228358 -7.38667 0.0128752 0.045983 0.998859 -0.206888
-0.26371 0.964059 -0.0323499 41.7284 -0.964587 -0.263743 0.00332711 -7.90735 -0.00532452 0.0320817 0.999471 -0.205104
-0.260056 0.964765 -0.0400027 41.5695 -0.965515 -0.260339 -0.00194194 -8.42649 -0.0122878 0.0381182 0.999198 -0.216745
-0.225262 0.973743 -0.0328849 41.4622 -0.974292 -0.225009 0.0112674 -8.95843 0.00357213 0.0345776 0.999396 -0.219253
-0.164817 0.985908 -0.02865 41.3712 -0.986194 -0.164255 0.0209957 -9.45758 0.0159939 0.0317149 0.999369 -0.22036
-0.109062 0.993667 -0.0270393 41.3384 -0.994033 -0.108971 0.00483704 -9.97028 0.00185991 0.0274055 0.999623 -0.225791
-0.105635 0.994006 -0.0281491 41.2891 -0.994389 -0.105432 0.0086088 -10.4177 0.00558938 0.0289005 0.999567 -0.217499
-0.104732 0.99411 -0.0278572 41.2306 -0.994451 -0.104408 0.0128559 -10.9661 0.00987163 0.0290491 0.999529 -0.21351
-0.103775 0.994138 -0.0303284 41.1676 -0.994574 -0.103499 0.0105427 -11.5414 0.00734192 0.0312579 0.999484 -0.2127
-0.125053 0.991699 -0.0299147 41.1005 -0.992132 -0.12481 0.00986372 -12.0881 0.00604817 0.0309128 0.999504 -0.205308
-0.124449 0.991944 -0.0236681 41.0136 -0.992222 -0.124483 4.42104e-05 -12.6419 -0.00290243 0.0234895 0.99972 -0.213537
-0.123487 0.992032 -0.0249603 40.9504 -0.992339 -0.12335 0.00696132 -13.1909 0.00382699 0.0256287 0.999664 -0.207934
-0.10384 0.99426 -0.0257627 40.8887 -0.994594 -0.103817 0.00223321 -13.7547 -0.000454208 0.0258553 0.999666 -0.212025
-0.0531545 0.998261 -0.0254714 40.8721 -0.998569 -0.0529868 0.00721295 -14.256 0.00585076 0.0258184 0.99965 -0.217014
-0.051411 0.998419 -0.022734 40.8614 -0.998581 -0.0510756 0.0150972 -14.788 0.0139121 0.0234779 0.999628 -0.195904
-0.0809307 0.996409 -0.0248915 40.8062 -0.996668 -0.080647 0.0122004 -15.3447 0.0101491 0.0257959 0.999616 -0.207116
-0.11424 0.993178 -0.0234004 40.7365 -0.993387 -0.113929 0.0141974 -15.8688 0.0114346 0.0248675 0.999625 -0.181527
-0.115907 0.992885 -0.0272982 40.6696 -0.993075 -0.11531 0.0225019 -16.4281 0.019194 0.0297173 0.999374 -0.188171
-0.11342 0.993166 -0.0275117 40.5983 -0.993543 -0.113452 0.000411982 -16.9976 -0.00271207 0.0273808 0.999621 -0.184733
-0.113705 0.993078 -0.0294522 40.5314 -0.993486 -0.113428 0.0109327 -17.5567 0.00751636 0.0305034 0.999506 -0.18622
-0.112996 0.992989 -0.0347024 40.4695 -0.993565 -0.112651 0.0117507 -18.1049 0.00775901 0.0358069 0.999329 -0.180374
-0.110829 0.993238 -0.0345636 40.4025 -0.99384 -0.110761 0.00387184 -18.6615 1.73615e-05 0.0347798 0.999395 -0.177846
-0.111293 0.993078 -0.0375536 40.3341 -0.993764 -0.110951 0.0110772 -19.2279 0.00683394 0.0385523 0.999233 -0.176982
-0.108265 0.993393 -0.0380586 40.2726 -0.994016 -0.107615 0.0187476 -19.7823 0.014528 0.0398605 0.9991 -0.169188
-0.108567 0.993528 -0.0333958 40.2112 -0.993987 -0.108014 0.0179438 -20.3343 0.0142205 0.0351431 0.999281 -0.170473
-0.107528 0.99349 -0.0376115 40.1487 -0.994052 -0.106777 0.0214298 -20.8917 0.0172743 0.0396921 0.999063 -0.161697
-0.103912 0.993609 -0.044095 40.0841 -0.994487 -0.103174 0.0187051 -21.4618 0.0140361 0.0457956 0.998852 -0.154842
-0.102296 0.993638 -0.0470981 40.0299 -0.994564 -0.101237 0.0243461 -22.0088 0.0194231 0.0493325 0.998594 -0.136072
-0.100657 0.993833 -0.0465094 39.9658 -0.994888 -0.10016 0.0129188 -22.5689 0.00818076 0.047572 0.998834 -0.148237
-0.0986709 0.993897 -0.0493182 39.9108 -0.994972 -0.0976784 0.0221503 -23.1291 0.0171978 0.0512558 0.998537 -0.130587
-0.129195 0.990134 -0.054249 39.8401 -0.991561 -0.1284 0.0179205 -23.6549 0.0107782 0.0561065 0.998367 -0.107215
-0.178611 0.982436 -0.0540234 39.7188 -0.983919 -0.178416 0.00845303 -24.1613 -0.00133407 0.0546644 0.998504 -0.148625
-0.177999 0.982685 -0.0514497 39.6367 -0.984022 -0.177537 0.0134362 -24.715 0.00406935 0.0530192 0.998585 -0.130322
-0.120504 0.991679 -0.0452848 39.5673 -0.99271 -0.120266 0.00794984 -25.3065 0.00243748 0.0459127 0.998942 -0.127191
-0.11519 0.992331 -0.0448404 39.4976 -0.99326 -0.114475 0.0181908 -25.8453 0.0129182 0.0466336 0.998829 -0.109328
-0.0499401 0.997824 -0.0430575 39.4982 -0.998714 -0.0495128 0.010935 -26.3664 0.00877931 0.0435482 0.999013 -0.130368
-0.0438675 0.998167 -0.041691 39.4682 -0.998912 -0.0431635 0.0176381 -26.9181 0.0158062 0.0424194 0.998975 -0.113528
-0.0417618 0.998401 -0.0380975 39.4427 -0.999083 -0.0413699 0.0110183 -27.4932 0.00942456 0.0385227 0.999213 -0.117192
-0.0328997 0.998707 -0.0387571 39.431 -0.999328 -0.0322446 0.0174104 -28.0507 0.0161382 0.0393039 0.999097 -0.109117
-0.0248647 0.998898 -0.0397964 39.4106 -0.999388 -0.0238583 0.0255678 -28.6028 0.0245901 0.0404078 0.998881 -0.0983662
-0.0177892 0.998922 -0.0428724 39.4 -0.999548 -0.0167275 0.0249953 -29.1645 0.0242512 0.0432977 0.998768 -0.0805487
-0.00654711 0.99885 -0.0475004 39.3968 -0.999146 -0.00847221 -0.0404406 -29.7592 -0.0407966 0.0471951 0.998052 -0.116182
0.00367027 0.999246 -0.0386495 39.3932 -0.999254 0.00217889 -0.0385589 -30.3059 -0.0384456 0.0387622 0.998509 -0.139603
0.00631747 0.999125 -0.0413419 39.4015 -0.99883 0.0043222 -0.0481751 -30.8829 -0.0479542 0.0415979 0.997983 -0.166609
0.00155721 0.998951 -0.0457585 39.4031 -0.998527 -0.000928583 -0.0542526 -31.4424 -0.0542382 0.0457756 0.997478 -0.203116
0.0632014 0.996832 -0.0482836 39.4206 -0.996197 0.0601061 -0.0630726 -31.951 -0.0599707 0.0520862 0.99684 -0.234651
0.0866064 0.995247 -0.0445341 39.4826 -0.995304 0.0844986 -0.0472177 -32.4749 -0.0432302 0.0484143 0.997891 -0.260727
0.085397 0.995683 -0.0363556 39.5234 -0.996263 0.0858062 0.00984468 -33.0186 0.0129217 0.0353791 0.99929 -0.251874
0.0844526 0.995938 -0.0312352 39.5784 -0.995707 0.0855419 0.0353584 -33.5733 0.0378866 0.028115 0.998886 -0.226886
0.00753806 0.999483 -0.0312588 39.5804 -0.999424 0.0085642 0.0328244 -34.1493 0.0330751 0.0309934 0.998972 -0.21283
0.00451988 0.999447 -0.0329343 39.564 -0.999551 0.00549135 0.0294668 -34.7143 0.0296314 0.0327863 0.999023 -0.195128
0.00551439 0.9994 -0.0341844 39.5719 -0.999434 0.0066423 0.0329698 -35.2637 0.0331771 0.0339832 0.998872 -0.184179
0.00481691 0.999322 -0.0365081 39.5634 -0.999635 0.00578285 0.0263989 -35.8227 0.0265921 0.0363676 0.998985 -0.172343
0.00714935 0.999059 -0.0427674 39.5562 -0.999434 0.00854462 0.0325312 -36.3896 0.032866 0.0425107 0.998555 -0.148642
-0.0128124 0.998992 -0.0430205 39.5571 -0.998986 -0.010932 0.0436631 -36.9241 0.0431488 0.0435363 0.99812 -0.12671
-0.065718 0.996883 -0.0436428 39.4893 -0.99706 -0.0638769 0.0423211 -37.4561 0.0394014 0.0462957 0.99815 -0.127495
-0.104882 0.993971 -0.0319672 39.4443 -0.994167 -0.103981 0.028647 -38.0036 0.0251503 0.0347852 0.999078 -0.118375
-0.128325 0.991364 -0.0270209 39.3591 -0.991608 -0.12783 0.0193184 -38.5385 0.0156975 0.0292732 0.999448 -0.100278
-0.127057 0.991553 -0.0260499 39.2821 -0.991425 -0.126144 0.0341297 -39.0965 0.0305553 0.0301629 0.999078 -0.0972665
-0.125755 0.991614 -0.0298031 39.2066 -0.991738 -0.124891 0.0292834 -39.6601 0.0253156 0.0332394 0.999127 -0.0892763
-0.125031 0.991885 -0.0230674 39.1352 -0.991672 -0.124213 0.034012 -40.2116 0.0308707 0.0271279 0.999155 -0.0717265
-0.12191 0.99234 -0.0199737 39.0769 -0.991811 -0.121024 0.0407959 -40.757 0.0380661 0.0247835 0.998968 -0.0525521
-0.0903199 0.995625 -0.0239468 39.0305 -0.994942 -0.0891444 0.0463001 -41.2939 0.0439628 0.0280075 0.998641 -0.0309953
-0.0850209 0.996133 -0.0221248 38.9735 -0.99539 -0.0839261 0.0464324 -41.849 0.044396 0.0259705 0.998676 -0.0122119
-0.0851929 0.996008 -0.026635 38.9287 -0.995513 -0.083985 0.0435837 -42.3968 0.0411727 0.0302285 0.998695 0.00805713
-0.0827112 0.996171 -0.0283342 38.8846 -0.996112 -0.0817742 0.0327722 -42.9554 0.0303297 0.0309347 0.999061 0.0191341
-0.0806502 0.996342 -0.0282476 38.8306 -0.996415 -0.0798651 0.0279014 -43.5247 0.0255433 0.0303966 0.999211 0.0301947
-0.0810262 0.996426 -0.023892 38.7955 -0.995825 -0.0799196 0.0441133 -44.0816 0.0420462 0.0273666 0.998741 0.0579642
-0.0787053 0.996618 -0.023621 38.7426 -0.996468 -0.0779539 0.0312063 -44.641 0.0292595 0.0259936 0.999234 0.0679481
-0.0753928 0.996849 -0.0246679 38.7096 -0.996996 -0.0749182 0.0196323 -45.2163 0.0177224 0.0260739 0.999503 0.071707
-0.0711576 0.997144 -0.0252992 38.6649 -0.997128 -0.0704517 0.0277778 -45.757 0.0259161 0.0272031 0.999294 0.084773
-0.0700097 0.997161 -0.0277291 38.6283 -0.997216 -0.069244 0.0276741 -46.321 0.0256754 0.0295893 0.999232 0.103978
-0.0700682 0.997043 -0.0315428 38.583 -0.997264 -0.0692671 0.0258125 -46.879 0.0235513 0.0332652 0.999169 0.114902
-0.212923 0.976618 -0.0296697 38.4771 -0.976939 -0.2123 0.0227774 -47.3224 0.0159459 0.0338353 0.9993 0.125328
-0.413884 0.909863 -0.029137 38.3082 -0.910321 -0.413528 0.0176046 -47.5174 0.00396884 0.0338103 0.99942 0.114402
-0.461212 0.886685 -0.0327608 38.0323 -0.88727 -0.461138 0.0102403 -48.0255 -0.00602727 0.0337906 0.999411 0.132795
-0.313111 0.949425 -0.0235461 37.9382 -0.949683 -0.312794 0.0161847 -48.4311 0.00800108 0.0274289 0.999592 0.123628
-0.314853 0.948696 -0.0290428 37.741 -0.949068 -0.314305 0.0219637 -48.9577 0.0117086 0.034479 0.999337 0.120034
-0.310059 0.950194 -0.0315344 37.5539 -0.950669 -0.309539 0.0203336 -49.4965 0.00955973 0.0362834 0.999296 0.109241
-0.310473 0.95007 -0.0312006 37.3926 -0.95054 -0.309983 0.0196003 -50.045 0.00895003 0.0357428 0.999321 0.0895558
-0.309902 0.950154 -0.034186 37.2216 -0.950768 -0.309731 0.0103256 -50.5723 -0.000777536 0.0357029 0.999362 0.115084
-0.308428 0.950517 -0.0372812 37.0374 -0.951248 -0.308179 0.0123997 -51.1079 0.000296872 0.039288 0.999228 0.105596
-0.295151 0.954523 -0.0421059 36.864 -0.955395 -0.294373 0.0237558 -51.6016 0.0102806 0.0472393 0.998831 0.116732
-0.152752 0.986718 -0.0552721 36.8246 -0.987999 -0.151175 0.0316782 -52.0094 0.0229016 0.0594477 0.997969 0.110738
-0.109238 0.991315 -0.0732284 36.7566 -0.992823 -0.105203 0.0568786 -52.5655 0.0486808 0.0789162 0.995692 0.144212
-0.0187939 0.997459 -0.0687261 36.7725 -0.997673 -0.0142037 0.066679 -53.1349 0.0655333 0.0698193 0.995405 0.163301
-0.0596693 0.996509 -0.0583822 36.7319 -0.995478 -0.0550733 0.0773935 -53.6662 0.073908 0.0627362 0.99529 0.232095
-0.0904793 0.994725 -0.0483371 36.6717 -0.993791 -0.087026 0.069319 -54.1838 0.0647468 0.0543089 0.996423 0.252984
-0.0882902 0.995648 -0.0298447 36.6372 -0.996033 -0.0879107 0.0138 -54.7582 0.0111163 0.0309447 0.999459 0.253445
-0.109617 0.993579 -0.0280039 36.5779 -0.993762 -0.108969 0.0237101 -55.3024 0.0205063 0.0304283 0.999327 0.25884
-0.120154 0.992301 -0.030028 36.4993 -0.992724 -0.119857 0.011522 -55.8474 0.00783426 0.0311939 0.999483 0.264724
-0.121001 0.99198 -0.0365333 36.4353 -0.992646 -0.120791 0.00790817 -56.4066 0.00343183 0.0372216 0.999301 0.260337
-0.120945 0.992044 -0.0349554 36.3554 -0.99257 -0.120387 0.0176667 -56.9426 0.013318 0.0368324 0.999233 0.263501
-0.119725 0.992373 -0.0293697 36.2827 -0.992771 -0.119417 0.0120438 -57.4998 0.00844466 0.0305993 0.999496 0.262295
-0.118182 0.992651 -0.0260022 36.2283 -0.992938 -0.117862 0.0135087 -58.0653 0.0103448 0.0274151 0.999571 0.271564
-0.117028 0.992852 -0.0234295 36.1741 -0.993042 -0.116675 0.0159286 -58.6395 0.0130811 0.0251306 0.999599 0.2782
-0.117413 0.992575 -0.0317758 36.0921 -0.993083 -0.117343 0.00407234 -59.1961 0.000313452 0.0320341 0.999487 0.271529
-0.131543 0.990943 -0.02698 36.0246 -0.991283 -0.131286 0.0110694 -59.7412 0.00742703 0.0282009 0.999575 0.276391
-0.132051 0.990836 -0.0284073 35.9452 -0.991236 -0.13189 0.00747498 -60.2975 0.00365985 0.0291454 0.999568 0.276448
-0.132353 0.990743 -0.0301766 35.8672 -0.991184 -0.132104 0.0101204 -60.8636 0.00604026 0.03125 0.999493 0.280751
-0.133121 0.990417 -0.0367949 35.7803 -0.991087 -0.132836 0.0100747 -61.4198 0.00509041 0.0378081 0.999272 0.273265
-0.132842 0.990165 -0.0438825 35.7052 -0.990943 -0.131811 0.0256327 -61.9642 0.0195964 0.0468902 0.998708 0.285503
-0.0279846 0.998483 -0.0474134 35.6944 -0.999506 -0.0272724 0.0156008 -62.5277 0.0142841 0.0478266 0.998754 0.280927
0.0254801 0.99814 -0.0553745 35.7055 -0.999514 0.0264333 0.0165501 -63.0627 0.0179831 0.0549259 0.998328 0.296697
0.173055 0.983353 -0.0553977 35.8343 -0.984524 0.174292 0.0182991 -63.5688 0.0276499 0.0513736 0.998297 0.313226
0.257086 0.96498 -0.052158 35.9799 -0.966034 0.258079 0.013171 -64.0523 0.0261706 0.0470004 0.998552 0.321486
0.260619 0.964054 -0.0517539 36.1194 -0.96536 0.260918 -0.000998157 -64.6031 0.0125413 0.0502213 0.998659 0.321341
0.260519 0.964214 -0.0492125 36.2633 -0.965319 0.261037 0.0042825 -65.1338 0.0169755 0.0463901 0.998779 0.331298
0.263182 0.963149 -0.0554848 36.4041 -0.964503 0.263972 0.00729833 -65.6654 0.0216758 0.0515945 0.998433 0.336832
0.264896 0.96234 -0.0610945 36.5549 -0.963923 0.265983 0.0102597 -66.2121 0.0261234 0.0561727 0.998079 0.349508
0.266341 0.961917 -0.061471 36.697 -0.96361 0.26723 0.00656852 -66.7695 0.0227452 0.0574846 0.998087 0.346436
0.268162 0.961403 -0.0615839 36.8515 -0.963042 0.269198 0.00903997 -67.3069 0.0252693 0.0568838 0.998061 0.363689
0.281983 0.957309 -0.0636003 37.0134 -0.959342 0.282183 -0.00599999 -67.8475 0.0122031 0.0627063 0.997957 0.39553
0.354051 0.932773 -0.0676877 37.2081 -0.935062 0.354416 -0.00694021 -68.3101 0.017516 0.0657494 0.997682 0.372664
0.354659 0.932658 -0.0660809 37.3927 -0.934851 0.354962 -0.00748445 -68.8271 0.0164758 0.0644302 0.997786 0.384776
0.357582 0.931587 -0.0654235 37.5938 -0.933647 0.358184 -0.00269587 -69.3559 0.0209222 0.0620465 0.997854 0.398799
0.360644 0.930979 -0.0567012 37.7978 -0.932482 0.361217 -0.000159101 -69.869 0.0203333 0.0529302 0.998391 0.401124
0.361971 0.930748 -0.0518184 38.004 -0.931931 0.362621 0.00340015 -70.4043 0.0219551 0.0470604 0.998651 0.401754
0.341831 0.938118 -0.055557 38.1835 -0.938495 0.343841 0.031619 -70.8901 0.0487652 0.0413317 0.997955 0.415804
0.2748 0.959992 -0.0538514 38.298 -0.959974 0.277088 0.0408931 -71.3839 0.0541787 0.0404586 0.997711 0.448961
0.274426 0.960454 -0.0470999 38.4595 -0.960176 0.27636 0.0410632 -71.9132 0.0524559 0.0339554 0.998046 0.486563
0.276338 0.960081 -0.0433812 38.6136 -0.959651 0.278096 0.0416377 -72.4629 0.0520396 0.0301247 0.998191 0.519645
0.278244 0.959826 -0.0362481 38.7675 -0.958726 0.279828 0.050401 -72.999 0.0585194 0.0207282 0.998071 0.52777
0.279695 0.95953 -0.0327466 38.9269 -0.958082 0.281152 0.0550707 -73.5303 0.0620488 0.015971 0.997945 0.562303
0.280995 0.95944 -0.0227511 39.08 -0.957965 0.281834 0.0535979 -74.0574 0.0578359 0.006734 0.998303 0.594641
0.285342 0.958338 -0.0129937 39.2501 -0.956323 0.285587 0.0623366 -74.5963 0.0634503 -0.00536103 0.997971 0.614437
0.349728 0.936814 -0.00836672 39.4353 -0.935401 0.349669 0.0525043 -75.064 0.0521123 -0.010536 0.998586 0.628347
0.352354 0.935864 0.00213191 39.6446 -0.935614 0.352205 0.024034 -75.603 0.0217417 -0.0104631 0.999709 0.633095
0.338659 0.940909 0.000269973 39.8239 -0.940707 0.338581 0.0208311 -76.1385 0.0195087 -0.0073086 0.999783 0.627911
0.308269 0.951299 0.000391245 39.9919 -0.951181 0.308224 0.0158664 -76.6558 0.0149731 -0.00526327 0.999874 0.635866
0.241585 0.970372 0.00385209 40.1085 -0.970366 0.241558 0.00633595 -77.1569 0.00521773 -0.00526861 0.999973 0.64539
0.219977 0.975502 0.00239362 40.21 -0.975489 0.219958 0.0063515 -77.6988 0.0056694 -0.00373213 0.999977 0.644982
0.21092 0.977503 0.000483801 40.3385 -0.97733 0.210874 0.0189288 -78.2409 0.018401 -0.00446531 0.999821 0.650777
0.202211 0.979342 0.000368612 40.4405 -0.979282 0.202195 0.0111053 -78.7878 0.0108014 -0.00260659 0.999938 0.65557
0.202938 0.979182 -0.00440949 40.5501 -0.979191 0.202933 -0.00170933 -79.341 -0.000778918 0.00466462 0.999989 0.647447
0.201968 0.979159 -0.021352 40.6492 -0.979222 0.202292 0.0142334 -79.8722 0.0182561 0.0180337 0.999671 0.658812
0.233178 0.971385 -0.0451568 40.7639 -0.97146 0.230615 -0.0555253 -80.422 -0.0435226 0.0568153 0.997436 0.621044
0.297415 0.952328 -0.0679373 40.9141 -0.954714 0.297252 -0.0127387 -80.8977 0.00806299 0.0686494 0.997608 0.654531
0.294167 0.953493 -0.0657029 41.0932 -0.954695 0.296382 0.0267601 -81.4161 0.0449887 0.0548542 0.99748 0.678799
0.296695 0.952621 -0.0669796 41.2457 -0.953759 0.299122 0.0294803 -81.9602 0.0481186 0.0551357 0.997319 0.67744
0.29765 0.952582 -0.0631872 41.411 -0.953845 0.299499 0.021927 -82.5079 0.0398117 0.0537442 0.997761 0.690448
0.300579 0.952125 -0.0557744 41.5888 -0.953182 0.301913 0.0170871 -83.0439 0.0331081 0.0480271 0.998297 0.712028
0.302147 0.951711 -0.0543474 41.7505 -0.952425 0.303778 0.0245941 -83.5805 0.039916 0.0443308 0.998219 0.717438
0.303841 0.951135 -0.0549815 41.9265 -0.951916 0.305452 0.0235617 -84.1006 0.0392046 0.0451787 0.998209 0.749677
0.297389 0.953345 -0.0518962 42.0838 -0.954079 0.298785 0.0214434 -84.6419 0.0359488 0.0431361 0.998422 0.755456
0.197802 0.979549 -0.0368663 42.1677 -0.980154 0.198149 0.00598814 -85.1951 0.0131707 0.0349501 0.999302 0.76591
0.192183 0.980789 -0.033456 42.2797 -0.980721 0.193176 0.0294814 -85.7348 0.0353779 0.0271452 0.999005 0.784822
0.194297 0.980336 -0.0344852 42.3854 -0.980347 0.195284 0.0279985 -86.2893 0.0341824 0.0283675 0.999013 0.795075
0.192977 0.980633 -0.0334544 42.4947 -0.980644 0.193906 0.0271665 -86.8346 0.0331273 0.0275643 0.999071 0.813161
0.19474 0.980338 -0.0318424 42.6012 -0.980508 0.195432 0.0202529 -87.3923 0.0260777 0.0272777 0.999288 0.823177
0.197469 0.979714 -0.0341524 42.707 -0.97995 0.19822 0.0201584 -87.9393 0.0265191 0.029487 0.999213 0.835367
0.198172 0.979614 -0.0329345 42.8203 -0.979534 0.19914 0.0292604 -88.4822 0.0352225 0.0264619 0.999029 0.852436
0.198835 0.979544 -0.0309408 42.9295 -0.979495 0.199672 0.0268272 -89.0311 0.0324564 0.0249722 0.999161 0.861312
0.212754 0.976557 -0.032744 43.0491 -0.976469 0.213705 0.0289389 -89.5751 0.0352581 0.0258167 0.999045 0.880299
0.2745 0.961008 -0.0333642 43.2117 -0.960929 0.275431 0.0274584 -90.0454 0.0355773 0.0245233 0.999066 0.875669
0.270746 0.962256 -0.0275569 43.336 -0.962432 0.271184 0.0135587 -90.5669 0.0205199 0.0228507 0.999528 0.904249
0.234327 0.971739 -0.0285219 43.4713 -0.971793 0.234942 0.0205078 -91.1059 0.0266292 0.0229119 0.999383 0.920866
0.226753 0.973643 -0.0245279 43.5884 -0.973681 0.227212 0.0178643 -91.6655 0.0229665 0.0198316 0.99954 0.922504
0.225932 0.973824 -0.0249379 43.7188 -0.973694 0.226531 0.0245817 -92.2155 0.0295875 0.0187281 0.999387 0.936451
0.233658 0.971937 -0.0272619 43.848 -0.972029 0.234181 0.0178691 -92.7689 0.0237518 0.0223241 0.999469 0.942697
0.255381 0.966492 -0.0259413 43.9901 -0.966591 0.255833 0.0158424 -93.2976 0.0219482 0.0210288 0.999538 0.947745
0.295257 0.954898 -0.0315068 44.1603 -0.955029 0.295917 0.0187943 -93.8046 0.02727 0.0245407 0.999327 0.960592
0.296238 0.954178 -0.0422794 44.3098 -0.954303 0.29752 0.0280555 -94.3437 0.0393489 0.0320362 0.998712 0.982401
0.299239 0.953273 -0.0415593 44.4885 -0.953643 0.300246 0.0204116 -94.8887 0.0319358 0.0335248 0.998928 0.990193
0.302275 0.95241 -0.0393003 44.6534 -0.952842 0.30306 0.015727 -95.4256 0.026889 0.0326931 0.999104 0.998235
0.30275 0.951947 -0.0462581 44.8139 -0.952461 0.303935 0.0210234 -95.961 0.0340726 0.0376942 0.998708 1.02224
0.209345 0.977024 -0.0399746 44.9122 -0.977822 0.209426 -0.00219306 -96.4489 0.00622906 0.0395472 0.999198 1.00255
0.20835 0.977013 -0.0451096 45.0258 -0.977499 0.209564 0.024044 -96.979 0.0329446 0.039085 0.998693 1.04071
0.209419 0.976839 -0.0439213 45.1423 -0.977144 0.210739 0.0279064 -97.5238 0.036516 0.0370733 0.998645 1.04491
0.210974 0.976745 -0.0381942 45.2668 -0.976984 0.211963 0.0239669 -98.0661 0.0315054 0.0322587 0.998983 1.06619
0.213457 0.976231 -0.0375419 45.3841 -0.976756 0.214027 0.0118515 -98.6254 0.0196048 0.0341395 0.999225 1.06416
0.212225 0.976193 -0.0448073 45.4916 -0.976761 0.213308 0.0209008 -99.166 0.029961 0.0393304 0.998777 1.08244
0.212985 0.975944 -0.0465901 45.6067 -0.976748 0.213871 0.0148873 -99.721 0.0244934 0.0423361 0.998803 1.10305
0.216807 0.974952 -0.0496255 45.7229 -0.975903 0.217742 0.0142192 -100.263 0.0246686 0.0453468 0.998667 1.09496
0.216545 0.975323 -0.0430591 45.8499 -0.975999 0.217318 0.0141036 -100.829 0.0231131 0.0389716 0.998973 1.0948
0.218917 0.974669 -0.0457785 45.9718 -0.975352 0.219917 0.0180254 -101.364 0.0276362 0.0407041 0.998789 1.12125
0.219094 0.974951 -0.0383284 46.0898 -0.9757 0.219033 -0.00585288 -101.916 0.0026889 0.0386793 0.999248 1.11292
0.219928 0.974806 -0.0372064 46.2189 -0.975293 0.220533 0.0129678 -102.476 0.0208463 0.0334352 0.999223 1.12506
0.22087 0.974779 -0.031968 46.3398 -0.975036 0.221457 0.016142 -103.022 0.0228144 0.0276047 0.999359 1.12685
0.224509 0.973881 -0.0339401 46.4651 -0.974097 0.225253 0.0199031 -103.57 0.0270283 0.0285925 0.999226 1.1419
0.226195 0.973536 -0.032624 46.6013 -0.973766 0.226848 0.0178805 -104.118 0.024808 0.0277236 0.999308 1.14784
0.227526 0.973278 -0.0310007 46.7313 -0.973443 0.228161 0.0187472 -104.655 0.0253194 0.025912 0.999344 1.14882
0.227726 0.973196 -0.0320983 46.841 -0.9729 0.228766 0.033643 -105.194 0.0400842 0.023567 0.998918 1.18246
0.230245 0.972531 -0.034209 46.9749 -0.972191 0.231427 0.0358774 -105.744 0.0428088 0.024997 0.998771 1.19516
0.188114 0.9817 -0.0296434 47.047 -0.981715 0.188841 0.0239591 -106.283 0.0291185 0.0245943 0.999273 1.20167
0.186575 0.981895 -0.0327481 47.1594 -0.981928 0.187451 0.0260742 -106.834 0.0317407 0.0272915 0.999123 1.22094
0.18701 0.981709 -0.0356989 47.2546 -0.981961 0.187844 0.0216226 -107.378 0.027933 0.0310113 0.999129 1.23342
0.1892 0.981361 -0.0336844 47.3706 -0.981509 0.190021 0.0230833 -107.919 0.0290538 0.0286942 0.999166 1.25827
0.18981 0.981393 -0.0289781 47.4691 -0.981509 0.190411 0.0196087 -108.494 0.0247616 0.0247203 0.999388 1.26439
0.192327 0.980885 -0.0295919 47.5749 -0.980805 0.193123 0.0269128 -109.037 0.0321132 0.0238478 0.9992 1.26709
0.194745 0.980344 -0.0316149 47.675 -0.980276 0.195635 0.0280409 -109.574 0.0336747 0.0255305 0.999107 1.27631
0.213862 0.976408 -0.0298556 47.8046 -0.976395 0.214606 0.0244324 -110.109 0.0302631 0.0239257 0.999256 1.28112
0.134006 0.990644 -0.0258253 47.8617 -0.990594 0.134636 0.0244348 -110.686 0.0276832 0.022308 0.999368 1.29955
0.131558 0.991006 -0.0244952 47.9339 -0.990908 0.132167 0.025151 -111.229 0.0281622 0.0209637 0.999384 1.3155
0.169245 0.985277 -0.0242041 48.0244 -0.985107 0.169869 0.0266224 -111.755 0.0303419 0.0193379 0.999352 1.31304
0.259214 0.965672 -0.0169234 48.139 -0.965422 0.25957 0.0241637 -112.265 0.0277271 0.0100747 0.999565 1.32501
0.385103 0.922758 -0.0145929 48.3916 -0.922364 0.385367 0.0271286 -112.754 0.0306568 0.00301267 0.999525 1.34474
0.427203 0.904045 -0.0141413 48.6443 -0.903641 0.427435 0.0270492 -113.237 0.0304982 0.00122311 0.999534 1.35758
0.468595 0.883274 -0.0156955 48.8855 -0.882865 0.468856 0.0268902 -113.714 0.0311104 0.00125636 0.999515 1.36707
0.557146 0.830329 -0.0119445 49.1874 -0.829901 0.55725 0.0271398 -114.123 0.029191 -0.00520812 0.99956 1.37616
0.696239 0.717564 -0.0188218 49.5776 -0.716599 0.696347 0.0398358 -114.47 0.0416912 -0.0142475 0.999029 1.3985
0.824125 0.56578 -0.0266493 49.8832 -0.564792 0.824416 0.0367251 -114.623 0.0427484 -0.0152147 0.99897 1.4072
0.906378 0.421654 -0.0262006 50.1426 -0.420747 0.906541 0.0339931 -114.686 0.0380852 -0.0197868 0.999079 1.40206
0.960959 0.274658 -0.0334694 50.4914 -0.273877 0.96141 0.0261334 -114.736 0.0393555 -0.0159467 0.999098 1.42216
0.97277 0.229932 -0.0291632 51.0145 -0.229115 0.972973 0.0288191 -114.849 0.0350014 -0.0213526 0.999159 1.42667
0.981429 0.18778 -0.0391846 51.5429 -0.186673 0.981957 0.0302362 -114.945 0.0441553 -0.02236 0.998774 1.45905
0.993465 0.109355 -0.0326968 52.0504 -0.10832 0.993604 0.0319177 -114.994 0.035978 -0.0281674 0.998956 1.45814
0.996313 0.0732684 -0.0446367 52.5578 -0.0719171 0.996924 0.0311648 -115.017 0.0467827 -0.0278398 0.998517 1.48867
0.996606 0.072156 -0.0396233 53.1147 -0.0709384 0.996989 0.0313216 -115.05 0.0417641 -0.0284045 0.998724 1.50036
0.99682 0.0722596 -0.0335999 53.6843 -0.0712185 0.996972 0.0312138 -115.095 0.0357537 -0.0287216 0.998948 1.50902
0.997125 0.069299 -0.0306568 54.2307 -0.0684193 0.997239 0.0288716 -115.142 0.0325729 -0.0266911 0.999113 1.53528
0.997149 0.0663044 -0.0360291 54.8105 -0.0652763 0.997446 0.0290001 -115.173 0.0378599 -0.0265656 0.99893 1.53869
0.99723 0.0670787 -0.0321289 55.3633 -0.0662296 0.997444 0.0268019 -115.22 0.0338447 -0.0245998 0.999124 1.55659
0.997567 0.0636366 -0.0284782 55.918 -0.0626171 0.997411 0.0353659 -115.251 0.030655 -0.0334966 0.998969 1.56755
0.997076 0.0610219 -0.0460015 56.4711 -0.0592852 0.997509 0.0382159 -115.279 0.0482189 -0.0353769 0.99821 1.60561
0.997343 0.0525497 -0.0504497 57.0117 -0.0515091 0.998437 0.0217106 -115.324 0.0515117 -0.0190543 0.998491 1.62245
0.997974 -0.0612439 -0.0172399 57.5286 0.0615076 0.997991 0.0152082 -115.278 0.0162738 -0.0162378 0.999736 1.59986
0.994555 -0.102168 -0.0205278 58.0367 0.102252 0.994754 0.00311861 -115.232 0.0201015 -0.00520064 0.999784 1.63489
0.994077 -0.108146 -0.0107599 58.6173 0.108114 0.994132 -0.00344691 -115.169 0.0110696 0.0022632 0.999936 1.59939
0.993007 -0.109997 -0.0428804 59.1569 0.110547 0.993814 0.0106777 -115.102 0.0414406 -0.0153433 0.999023 1.63369
0.992663 -0.113975 -0.0403657 59.7268 0.11481 0.993206 0.0190015 -115.031 0.0379258 -0.0234965 0.999004 1.64566
0.991314 -0.129146 -0.0248507 60.2759 0.129667 0.991344 0.0206006 -114.948 0.0219751 -0.0236439 0.999479 1.6596
0.988044 -0.152885 -0.0198567 60.8245 0.153275 0.987983 0.0198866 -114.86 0.0165778 -0.0226924 0.999605 1.66538
0.987662 -0.155681 -0.0169568 61.3802 0.156001 0.987564 0.0195315 -114.779 0.0137053 -0.0219358 0.999665 1.66741
0.987039 -0.157995 -0.0281243 61.9246 0.158472 0.98724 0.0155979 -114.696 0.025301 -0.0198527 0.999483 1.67231
0.986714 -0.160901 -0.0225227 62.4874 0.16131 0.986745 0.0177131 -114.605 0.0193741 -0.0211109 0.999589 1.6798
0.989334 -0.143437 -0.0253615 63.0256 0.14386 0.989473 0.0157019 -114.525 0.0228423 -0.019183 0.999555 1.68202
0.995413 -0.0902358 -0.0317914 63.5541 0.0907788 0.995741 0.0160679 -114.489 0.0302061 -0.0188802 0.999365 1.69107
0.998371 -0.0512548 -0.0250684 64.0878 0.0516924 0.998516 0.0171294 -114.474 0.0241532 -0.0183973 0.999539 1.70873
0.999318 -0.0188167 -0.0317601 64.6301 0.0193029 0.9997 0.0150723 -114.463 0.031467 -0.0156751 0.999382 1.72124
0.999514 -0.0165524 -0.0264257 65.1967 0.0170323 0.999692 0.0180404 -114.462 0.0261189 -0.0184817 0.999488 1.72128
0.999534 -0.0160642 -0.0259396 65.7556 0.0164954 0.999728 0.0164962 -114.456 0.0256675 -0.0169164 0.999527 1.73026
0.999479 0.014197 -0.028978 66.3022 -0.0137168 0.999766 0.0167039 -114.463 0.0292083 -0.0162977 0.99944 1.74246
0.997021 0.0721161 -0.0273442 66.8227 -0.0716136 0.997253 0.0189326 -114.514 0.0286344 -0.016918 0.999447 1.75348
0.991499 0.127957 -0.0236013 67.3508 -0.127418 0.991581 0.0230563 -114.595 0.0263529 -0.019853 0.999456 1.75348
0.980063 0.196695 -0.028069 67.8599 -0.196125 0.980336 0.0218097 -114.695 0.0318069 -0.0158699 0.999368 1.77756
0.969209 0.245418 -0.0201158 68.346 -0.244982 0.969281 0.0218645 -114.845 0.0248638 -0.0162633 0.999559 1.78422
0.969132 0.245184 -0.0258331 68.8937 -0.244522 0.969287 0.0263011 -114.977 0.0314883 -0.0191724 0.99932 1.79285
0.973082 0.229554 -0.0204187 69.4357 -0.228979 0.973055 0.0270782 -115.105 0.0260844 -0.0216738 0.999425 1.80096
0.988854 0.145028 -0.0336922 70.0103 -0.144233 0.989229 0.0249367 -115.187 0.0369458 -0.0197992 0.999121 1.82235
0.999069 -0.021106 -0.0376286 70.369 0.0220367 0.999457 0.0244934 -115.14 0.0370912 -0.0252998 0.998992 1.82452
0.997002 -0.0748214 -0.0197305 70.9022 0.0753139 0.996833 0.0255246 -115.072 0.0177582 -0.026934 0.999479 1.83021
0.981411 -0.188167 -0.0377701 71.4652 0.189049 0.981737 0.0212883 -114.954 0.0330745 -0.0280329 0.99906 1.83715
0.981164 -0.190286 -0.0332973 72.0352 0.19111 0.981286 0.0235557 -114.856 0.0281919 -0.0294755 0.999168 1.83017
0.982053 -0.187154 -0.023345 72.5877 0.187701 0.981934 0.0239527 -114.748 0.0184404 -0.0279047 0.99944 1.83753
0.98913 -0.145248 -0.0229144 73.1031 0.145651 0.98919 0.0170034 -114.679 0.020197 -0.0201561 0.999593 1.86348
0.994662 -0.0984116 -0.0310243 73.6265 0.0989605 0.994952 0.0166814 -114.634 0.029226 -0.0196626 0.999379 1.8675
0.998065 -0.0546307 -0.0296968 74.1757 0.0551179 0.998354 0.015844 -114.61 0.0287824 -0.0174501 0.999433 1.88204
0.998567 -0.0426211 -0.03236 74.7275 0.0430993 0.99897 0.0142246 -114.592 0.0317203 -0.0155989 0.999375 1.90019
0.999074 -0.0295033 -0.0313029 75.292 0.029878 0.999487 0.0115718 -114.571 0.0309454 -0.0124964 0.999443 1.90427
0.991169 0.128677 -0.0320301 75.5262 -0.128354 0.991656 0.0119409 -114.63 0.0332994 -0.00772425 0.999416 1.93313
0.959966 0.27742 -0.0387825 75.9224 -0.277057 0.960743 0.0145507 -114.817 0.0412967 -0.00322321 0.999142 1.92802
0.937995 0.342131 -0.0557867 76.3933 -0.341299 0.939645 0.0241136 -114.99 0.0606697 -0.00357851 0.998151 1.95991
0.93168 0.359221 -0.0541462 76.8963 -0.357908 0.933188 0.0325925 -115.184 0.0622365 -0.0109864 0.998001 1.98651
0.930699 0.359779 -0.066017 77.4126 -0.357672 0.932912 0.0417763 -115.392 0.0766184 -0.0152687 0.996944 2.02488
0.929928 0.358717 -0.0809706 77.9257 -0.355105 0.93316 0.0557954 -115.59 0.0955733 -0.0231327 0.995154 2.07478
0.930738 0.358029 -0.0744456 78.456 -0.354214 0.933252 0.0597843 -115.775 0.090881 -0.0292738 0.995431 2.1271
0.93308 0.35512 -0.0570204 78.9931 -0.351805 0.934107 0.0606372 -115.963 0.0747966 -0.0365193 0.99653 2.15435
0.913119 0.404993 -0.0468321 79.4771 -0.401645 0.913332 0.0671206 -116.163 0.0699567 -0.0424792 0.996645 2.18212
0.858825 0.510568 -0.0417058 79.9282 -0.507406 0.85904 0.0677542 -116.457 0.0704201 -0.0370273 0.99683 2.21385
0.854357 0.518212 -0.0391073 80.392 -0.515027 0.854351 0.0695004 -116.752 0.0694273 -0.0392369 0.996815 2.24734
0.855282 0.51676 -0.0381006 80.8673 -0.513468 0.855114 0.0716272 -117.039 0.0695944 -0.0416981 0.996704 2.27783
0.792688 0.608948 -0.0287747 81.3256 -0.606362 0.792442 0.0660293 -117.395 0.0630107 -0.0348927 0.997403 2.30665
0.747914 0.66331 -0.0253817 81.7339 -0.660223 0.747306 0.0750992 -117.766 0.0687819 -0.0394101 0.996853 2.34227
0.748476 0.6631 -0.00901365 82.16 -0.660801 0.74689 0.074143 -118.154 0.0558964 -0.049538 0.997207 2.36245
0.731237 0.682018 -0.0120078 82.5574 -0.67928 0.729681 0.0783828 -118.515 0.0622204 -0.0491597 0.996851 2.39562
0.636385 0.77137 -0.00138139 82.8897 -0.769764 0.635173 0.0633892 -118.961 0.049774 -0.0392766 0.997988 2.41744
0.534179 0.845279 -0.0125371 83.1615 -0.842513 0.533532 0.0742594 -119.405 0.0694588 -0.0291051 0.99716 2.44169
0.44766 0.89411 -0.0129289 83.3755 -0.891513 0.447387 0.071064 -119.889 0.0693233 -0.0202862 0.997388 2.48453
0.446762 0.894614 -0.00834932 83.6164 -0.89241 0.446283 0.0666005 -120.413 0.0633079 -0.0223036 0.997745 2.50251
0.448381 0.893783 -0.0103317 83.8775 -0.891259 0.447933 0.0708106 -120.912 0.0679172 -0.0225419 0.997436 2.53809
0.449968 0.893039 0.00335405 84.131 -0.891674 0.449066 0.0570697 -121.418 0.0494593 -0.0286702 0.998365 2.56706
0.479187 0.877707 0.00323685 84.3815 -0.876702 0.478456 0.049731 -121.871 0.0421006 -0.0266682 0.998757 2.57695
0.524054 0.851663 -0.00617431 84.6665 -0.850431 0.523662 0.0504409 -122.316 0.0461918 -0.0211829 0.998708 2.60029
0.527578 0.849419 -0.0121929 84.9414 -0.848278 0.527533 0.0461994 -122.787 0.0456748 -0.0140309 0.998858 2.62532
0.530887 0.8474 -0.00853019 85.2637 -0.846514 0.53075 0.0414565 -123.273 0.0396576 -0.0147878 0.999104 2.62916
0.531033 0.847238 -0.0138861 85.5466 -0.846016 0.531044 0.0474296 -123.751 0.0475582 -0.0134388 0.998778 2.66083
0.522242 0.852559 -0.020176 85.8423 -0.850512 0.522428 0.0608213 -124.208 0.0623942 -0.0146035 0.997945 2.68657
0.471176 0.881915 -0.0148169 86.0814 -0.880111 0.471189 0.0581776 -124.663 0.0582893 -0.0143714 0.998196 2.70009
0.453423 0.891289 -0.00339339 86.3173 -0.889961 0.452949 0.0529821 -125.163 0.0487594 -0.0210034 0.99859 2.72665
0.444553 0.895734 -0.00577718 86.5701 -0.894331 0.444201 0.0534534 -125.668 0.0504463 -0.0185962 0.998554 2.7385
0.44758 0.893884 -0.0253731 86.8059 -0.891613 0.448259 0.0639581 -126.151 0.0685448 -0.0060034 0.99763 2.78071
0.447694 0.893749 -0.0279761 87.0553 -0.890761 0.448496 0.0734525 -126.663 0.0781953 -0.00796424 0.996906 2.81891
0.448489 0.893418 -0.0257439 87.319 -0.890287 0.449094 0.0755226 -127.148 0.0790346 -0.0109516 0.996812 2.85478
0.449514 0.893143 -0.0152653 87.5654 -0.891103 0.449547 0.0619878 -127.655 0.0622264 -0.0142614 0.99796 2.89326
0.452307 0.891737 -0.0149119 87.819 -0.889849 0.452346 0.0595941 -128.16 0.0598876 -0.0136855 0.998111 2.90513
0.452946 0.89146 -0.0118149 88.0729 -0.889884 0.452873 0.0548841 -128.676 0.0542777 -0.0143456 0.998423 2.93292
0.453601 0.891195 0.00417626 88.3398 -0.889915 0.452687 0.0559095 -129.167 0.0479357 -0.0290771 0.998427 2.95688
0.455255 0.890257 -0.0135974 88.5798 -0.887771 0.455042 0.0692768 -129.662 0.0678616 -0.0194673 0.997505 2.9943
0.454744 0.890545 -0.0116999 88.8417 -0.888747 0.4546 0.0588898 -130.168 0.0577628 -0.0163816 0.998196 3.00285
0.453496 0.89122 -0.00825695 89.094 -0.889085 0.453018 0.0655957 -130.658 0.0622007 -0.0224063 0.997812 3.04533
0.454254 0.890769 -0.0136014 89.3483 -0.888874 0.454204 0.0600221 -131.158 0.0596436 -0.0151753 0.998104 3.06927
0.453484 0.891055 -0.0193065 89.5877 -0.889367 0.453825 0.055399 -131.66 0.0581253 -0.00795203 0.998278 3.08431
0.451869 0.891773 -0.0235617 89.8445 -0.89073 0.452481 0.0431376 -132.182 0.0491302 0.00149452 0.998791 3.09631
0.454537 0.89047 -0.0214433 90.0929 -0.890175 0.454971 0.0243021 -132.695 0.0313964 0.00804207 0.999475 3.10878
0.453931 0.890427 -0.0329595 90.3357 -0.890067 0.454852 0.0298339 -133.199 0.0415566 0.0157936 0.999011 3.13434
0.462837 0.885983 -0.028561 90.5982 -0.885256 0.463645 0.0368083 -133.675 0.0458537 0.00824751 0.998914 3.16479
0.606358 0.794872 -0.0225596 90.9296 -0.794304 0.606778 0.0300289 -134.095 0.0375578 -0.000289099 0.999294 3.16772
0.634128 0.772563 -0.0320572 91.283 -0.771672 0.634937 0.0371196 -134.481 0.0490315 0.00119905 0.998797 3.17978
0.63594 0.770946 -0.0349563 91.6307 -0.770253 0.636874 0.033205 -134.932 0.047862 0.00580884 0.998837 3.20408
0.641348 0.766171 -0.0406779 91.9872 -0.765559 0.642553 0.0323432 -135.351 0.0509181 0.0103981 0.998649 3.21762
0.667399 0.744021 -0.0318069 92.3598 -0.744114 0.667959 0.011157 -135.765 0.0295467 0.0162218 0.999432 3.22863
0.726862 0.685013 -0.0492733 92.7296 -0.684606 0.728399 0.0273692 -136.106 0.0546389 0.0138392 0.99841 3.24166
0.78924 0.612795 -0.0397729 93.1873 -0.612097 0.790241 0.0292625 -136.434 0.049362 0.00124975 0.99878 3.29613
0.790191 0.61149 -0.0409769 93.5877 -0.610233 0.791227 0.0396992 -136.752 0.0566977 -0.00636453 0.998371 3.26178
0.790671 0.610976 -0.0393284 94.017 -0.610057 0.791645 0.0335999 -137.099 0.0516628 -0.00257393 0.998661 3.31335
0.793153 0.608157 -0.0324615 94.4695 -0.606984 0.793731 0.0395164 -137.431 0.0497979 -0.011639 0.998691 3.33128
0.791816 0.610274 -0.0243609 94.9137 -0.609344 0.792066 0.0364791 -137.776 0.0415577 -0.0140405 0.999037 3.355
0.794658 0.606461 -0.0268853 95.355 -0.604995 0.794829 0.0471928 -138.106 0.0499898 -0.0212366 0.998524 3.38453
0.793875 0.607134 -0.0339365 95.8013 -0.605365 0.794366 0.0501514 -138.454 0.0574066 -0.0192699 0.998165 3.4091
0.78957 0.612445 -0.0386034 96.2349 -0.61094 0.79043 0.0444117 -138.793 0.057713 -0.0114817 0.998267 3.44023
0.789858 0.612657 -0.027843 96.6796 -0.611141 0.790076 0.0478178 -139.14 0.051294 -0.0207533 0.998468 3.432
0.789838 0.612822 -0.0246062 97.124 -0.611402 0.789906 0.0472866 -139.486 0.0484149 -0.0223044 0.998578 3.47209
0.791312 0.610642 -0.0306904 97.569 -0.609152 0.791704 0.0462491 -139.839 0.0525394 -0.0179024 0.998458 3.47863
0.791783 0.609541 -0.039238 97.9979 -0.607972 0.792663 0.0453384 -140.195 0.0587381 -0.0120425 0.998201 3.50484
0.792722 0.608844 -0.0300168 98.462 -0.607888 0.793228 0.035505 -140.541 0.0454271 -0.00989873 0.998919 3.50123
0.843842 0.53558 -0.0329434 98.9311 -0.535036 0.84448 0.024289 -140.841 0.0408287 -0.00287018 0.999162 3.56942
0.878031 0.47645 -0.0453526 99.4084 -0.475675 0.879198 0.0272637 -141.073 0.0528637 -0.00236529 0.998599 3.55887
0.880766 0.472242 -0.0352112 99.911 -0.471078 0.881329 0.0366696 -141.34 0.0483495 -0.0157101 0.998707 3.58352
0.883429 0.467692 -0.0286101 100.401 -0.465966 0.883311 0.0513528 -141.594 0.0492889 -0.0320352 0.998271 3.61531
0.885965 0.463489 0.0156058 100.918 -0.46371 0.884928 0.0433198 -141.861 0.00626825 -0.0456163 0.998939 3.60933
0.934254 0.354494 -0.0387668 101.258 -0.351644 0.933866 0.065119 -141.966 0.0592873 -0.0472056 0.997124 3.64205
0.969539 0.231244 -0.0807436 101.523 -0.224469 0.970776 0.0848972 -141.971 0.0980159 -0.0641868 0.993113 3.65657
0.995685 0.0751757 -0.0544075 102.047 -0.0711779 0.99486 0.0720224 -141.981 0.0595422 -0.067839 0.995918 3.69104
0.996938 -0.0492715 -0.0607249 102.609 0.052553 0.997174 0.0536817 -141.923 0.0579083 -0.0567086 0.99671 3.70037
0.996604 -0.0569074 -0.0595098 103.161 0.0595409 0.997279 0.0434581 -141.891 0.0568748 -0.0468538 0.997281 3.73102
0.98001 -0.189162 -0.0616361 103.61 0.191524 0.980866 0.0349225 -141.796 0.0538508 -0.0460292 0.997488 3.74639
0.945654 -0.318121 -0.0673682 104.132 0.321377 0.945904 0.0445305 -141.608 0.0495578 -0.063761 0.996734 3.75306
0.93584 -0.345252 -0.0707472 104.632 0.348702 0.936207 0.0438516 -141.391 0.0510942 -0.0657078 0.99653 3.76699
0.935308 -0.346402 -0.0721491 105.146 0.350219 0.935378 0.0491412 -141.209 0.0504641 -0.07123 0.996183 3.79869
0.935247 -0.348419 -0.0625807 105.69 0.351769 0.934522 0.0540975 -141.006 0.0396344 -0.0726085 0.996573 3.81507
0.933707 -0.349378 -0.0782716 106.211 0.353567 0.934186 0.0478238 -140.805 0.0564116 -0.0723276 0.995784 3.83524
0.926069 -0.369876 -0.0747473 106.723 0.373449 0.926748 0.0409088 -140.613 0.0541408 -0.0657987 0.996363 3.83712
0.893162 -0.445124 -0.064235 107.237 0.447779 0.893467 0.0347919 -140.372 0.0419051 -0.0598378 0.997328 3.89569
0.890722 -0.451421 -0.0532362 107.733 0.453662 0.890178 0.0421146 -140.078 0.0283783 -0.0616637 0.997693 3.867
0.870088 -0.489424 -0.0584084 108.195 0.491824 0.869892 0.0373932 -139.795 0.0325079 -0.061262 0.997592 3.8875
0.868222 -0.492372 -0.0613154 108.69 0.494869 0.86826 0.0350524 -139.536 0.0359789 -0.0607764 0.997503 3.89684
0.864917 -0.496888 -0.0708545 109.152 0.499653 0.865783 0.0276855 -139.254 0.0475881 -0.0593483 0.997102 3.94795
0.865787 -0.496914 -0.0590716 109.651 0.499029 0.866128 0.0281328 -138.976 0.0371841 -0.0538355 0.997857 3.92519
0.864124 -0.499643 -0.0603835 110.155 0.502014 0.864226 0.0330922 -138.714 0.0356507 -0.0589091 0.997627 3.96327
0.863757 -0.498636 -0.0727127 110.634 0.501617 0.864576 0.0297959 -138.417 0.0480084 -0.0622103 0.996908 3.9531
0.855652 -0.514062 -0.0600081 111.113 0.516615 0.855316 0.0392884 -138.114 0.0311293 -0.0646182 0.997424 3.97005
0.78672 -0.612989 -0.0729135 111.554 0.616241 0.78681 0.0343234 -137.781 0.0363292 -0.0719352 0.996747 3.98553
0.741685 -0.667455 -0.0663845 111.926 0.67038 0.740916 0.0404202 -137.423 0.0222067 -0.0744819 0.996975 3.98455
0.690534 -0.719976 -0.0692636 112.263 0.722974 0.689925 0.0362245 -137.037 0.0217059 -0.07509 0.99694 3.98844
0.575235 -0.815211 -0.0673468 112.585 0.817942 0.57412 0.0368283 -136.601 0.00864235 -0.0762708 0.99705 3.97679
0.439671 -0.895891 -0.0637837 112.684 0.898104 0.437746 0.0422785 -136.246 -0.00995585 -0.075873 0.997068 3.97319
0.29823 -0.95239 -0.0633344 112.741 0.954253 0.296006 0.0422136 -135.89 -0.0214565 -0.0730264 0.997099 3.94651
0.137003 -0.9887 -0.0608424 112.755 0.990223 0.13507 0.0348356 -135.554 -0.026224 -0.0650201 0.997539 3.93527
0.0803111 -0.994598 -0.0657683 112.793 0.996489 0.0785477 0.0289764 -135.034 -0.0236539 -0.0678645 0.997414 3.90591
0.0731864 -0.994762 -0.0713613 112.815 0.997109 0.0715193 0.0256472 -134.487 -0.0204091 -0.073032 0.997121 3.88773
0.0714857 -0.995081 -0.06859 112.875 0.997232 0.0698922 0.0253605 -133.91 -0.0204418 -0.070213 0.997323 3.86547
0.0344056 -0.99658 -0.075129 112.893 0.997158 0.0291895 0.0694563 -133.368 -0.0670258 -0.0773052 0.994752 3.82919
-0.0297113 -0.996704 -0.0754861 112.857 0.999555 -0.0294237 -0.00491917 -132.871 0.00268188 -0.0755986 0.997135 3.83103
-0.106093 -0.992308 -0.0637955 112.804 0.994146 -0.107171 0.0137116 -132.348 -0.0204431 -0.0619674 0.997869 3.78463
-0.0196545 -0.998058 -0.0591097 112.813 0.999763 -0.0201726 0.00818087 -131.79 -0.00935737 -0.0589349 0.998218 3.79454
-0.00291893 -0.998403 -0.0564251 112.82 0.999683 -0.00432418 0.0247986 -131.21 -0.025003 -0.0563349 0.998099 3.77304
-0.00131116 -0.998444 -0.0557468 112.826 0.999911 -0.00204911 0.0131824 -130.677 -0.0132761 -0.0557245 0.998358 3.76351
-0.00168681 -0.998426 -0.0560677 112.831 0.999664 -0.00313352 0.0257251 -130.086 -0.0258602 -0.0560055 0.998096 3.73277
-0.00496032 -0.998584 -0.0529725 112.818 0.999929 -0.00552586 0.0105351 -129.55 -0.0108129 -0.0529165 0.99854 3.72735
-0.0040829 -0.998955 -0.0455316 112.836 0.999757 -0.00506379 0.0214485 -128.984 -0.0216567 -0.045433 0.998733 3.69902
-0.00609101 -0.998898 -0.0465284 112.833 0.999823 -0.00691211 0.0175069 -128.421 -0.0178092 -0.0464135 0.998764 3.69216
-0.00656765 -0.998847 -0.0475545 112.838 0.999756 -0.00756279 0.0207765 -127.859 -0.0211122 -0.0474064 0.998653 3.67148
-0.00951141 -0.998896 -0.0459987 112.843 0.999861 -0.0101288 0.0132081 -127.312 -0.0136595 -0.0458667 0.998854 3.677
-0.00986802 -0.998723 -0.0495436 112.836 0.999638 -0.0110934 0.024519 -126.727 -0.0250373 -0.0492837 0.998471 3.65639
-0.00996362 -0.998572 -0.0524823 112.833 0.999853 -0.0106819 0.0134226 -126.178 -0.0139641 -0.0523408 0.998532 3.62314
-0.0142029 -0.998215 -0.0580155 112.838 0.999869 -0.0146288 0.00692243 -125.62 -0.00775876 -0.0579095 0.998292 3.63527
-0.0120244 -0.998333 -0.0564442 112.832 0.999843 -0.0127404 0.0123417 -125.051 -0.0130403 -0.0562869 0.998329 3.60834
-0.0148373 -0.998402 -0.0545371 112.829 0.999865 -0.0151961 0.00617094 -124.487 -0.00698983 -0.0544382 0.998493 3.60005
-0.0138919 -0.998623 -0.0505885 112.835 0.999797 -0.0146119 0.013891 -123.928 -0.0146111 -0.0503853 0.998623 3.58157
-0.0179434 -0.998744 -0.0467756 112.816 0.999824 -0.017663 -0.00640154 -123.378 0.00556731 -0.0468822 0.998885 3.59011
-0.0212805 -0.998333 -0.0536458 112.813 0.999717 -0.0218215 0.0095199 -122.81 -0.0106747 -0.053428 0.998515 3.57375
-0.0250894 -0.997907 -0.0595992 112.813 0.999673 -0.0247507 -0.00641419 -122.263 0.00492565 -0.0597407 0.998202 3.57425
-0.0288581 -0.996778 -0.0748327 112.79 0.999293 -0.0305731 0.0218736 -121.68 -0.024091 -0.0741486 0.996956 3.53553
-0.0254788 -0.99715 -0.0710094 112.78 0.998651 -0.0286033 0.0433369 -121.118 -0.0452445 -0.0698094 0.996534 3.51858
-0.029496 -0.998491 -0.0463221 112.781 0.998572 -0.0315 0.0431456 -120.567 -0.0445396 -0.0449834 0.997994 3.47831
-0.0333509 -0.998842 -0.0346707 112.771 0.998898 -0.0344585 0.0318554 -120.003 -0.0330132 -0.0335701 0.998891 3.45456
-0.036644 -0.998863 -0.0305067 112.773 0.998852 -0.0375521 0.0297457 -119.456 -0.0308575 -0.0293816 0.999092 3.42228
-0.0366921 -0.998869 -0.0302333 112.747 0.999166 -0.0372112 0.016789 -118.887 -0.017895 -0.0295921 0.999402 3.39957
0.0309646 -0.998898 -0.0352665 112.79 0.999097 0.029905 0.030187 -118.368 -0.0290991 -0.0361694 0.998922 3.37523
0.0427183 -0.998379 -0.0376101 112.793 0.998997 0.042179 0.0150185 -117.844 -0.0134078 -0.0382139 0.99918 3.38246
0.147764 -0.988129 -0.0420297 112.896 0.98874 0.146572 0.030157 -117.269 -0.0236387 -0.0460126 0.998661 3.3569
0.148777 -0.987681 -0.0485011 112.992 0.988627 0.147473 0.0294643 -116.719 -0.0219487 -0.0523331 0.998388 3.33331
0.149988 -0.987487 -0.0487136 113.066 0.98792 0.147747 0.0467467 -116.155 -0.0389645 -0.0551366 0.997718 3.29496
0.144624 -0.988039 -0.0534955 113.158 0.989264 0.145528 -0.0133796 -115.628 0.0210047 -0.0509861 0.998478 3.30719
0.142062 -0.988612 -0.0496538 113.25 0.989855 0.141994 0.00490843 -115.072 0.00219802 -0.0498474 0.998754 3.32171
0.148599 -0.987982 -0.042553 113.346 0.988795 0.147826 0.0207825 -114.518 -0.0142423 -0.0451644 0.998878 3.28033
0.178995 -0.983069 -0.0391949 113.451 0.983773 0.178342 0.0195989 -113.966 -0.012277 -0.042067 0.999039 3.26104
0.235224 -0.970973 -0.0433632 113.603 0.971738 0.234029 0.0309058 -113.394 -0.0198605 -0.0494075 0.998581 3.24166
0.233704 -0.971218 -0.0460193 113.736 0.972292 0.233169 0.0167424 -112.851 -0.00553027 -0.048657 0.9988 3.23945
0.236003 -0.970698 -0.0452614 113.882 0.971592 0.234863 0.0291274 -112.304 -0.0176437 -0.0508498 0.99855 3.21731
0.115936 -0.992349 -0.0424535 113.938 0.993145 0.115177 0.019913 -111.753 -0.014871 -0.0444711 0.9989 3.20789
0.00622709 -0.999126 -0.0413338 113.938 0.999742 0.00531821 0.0220624 -111.25 -0.0218233 -0.0414606 0.998902 3.18108
-0.119463 -0.991893 -0.0433144 113.834 0.992545 -0.120375 0.0190811 -110.692 -0.0241403 -0.040712 0.998879 3.14459
-0.135535 -0.989911 -0.0413065 113.764 0.990336 -0.136595 0.0240169 -110.148 -0.0294169 -0.0376522 0.998858 3.12519
-0.136846 -0.98977 -0.0403486 113.688 0.990003 -0.138056 0.0288792 -109.588 -0.0341541 -0.0359932 0.998768 3.10518
-0.140436 -0.989416 -0.0365242 113.617 0.989445 -0.141581 0.0308901 -109.026 -0.0357343 -0.0318006 0.998855 3.07372
-0.222492 -0.974299 -0.0351961 113.455 0.97417 -0.223602 0.0315364 -108.538 -0.0385958 -0.0272704 0.998883 3.05752
-0.304235 -0.952047 -0.0323812 113.312 0.951701 -0.305247 0.033 -108.038 -0.0413018 -0.0207774 0.998931 3.02002
-0.365275 -0.930356 -0.0317967 113.098 0.930341 -0.366026 0.0221581 -107.556 -0.0322534 -0.021488 0.999249 3.0035
-0.41358 -0.909646 -0.0386629 112.886 0.909564 -0.414689 0.0269653 -107.066 -0.0405619 -0.024014 0.998888 2.94538
-0.455621 -0.889293 -0.0395905 112.625 0.88896 -0.456871 0.0319087 -106.581 -0.0464639 -0.0206561 0.998706 2.89776
-0.487004 -0.872695 -0.0350794 112.353 0.872297 -0.488014 0.030652 -106.103 -0.0438691 -0.015672 0.998914 2.88914
-0.520834 -0.852932 -0.0351928 112.072 0.852529 -0.521822 0.0299238 -105.643 -0.0438874 -0.0144176 0.998932 2.85838
-0.562664 -0.826173 -0.0291134 111.776 0.825954 -0.563299 0.0222323 -105.205 -0.0347672 -0.011537 0.999329 2.83121
-0.598148 -0.801072 -0.0224288 111.443 0.800885 -0.598529 0.0186204 -104.775 -0.0283406 -0.00682512 0.999575 2.80791
-0.618894 -0.785255 -0.0185976 111.109 0.784938 -0.619172 0.0223214 -104.347 -0.0290431 -0.000783397 0.999578 2.78162
-0.590881 -0.806488 -0.0208897 110.796 0.806219 -0.591235 0.0212892 -103.911 -0.0295202 -0.00426234 0.999555 2.76033
-0.588833 -0.80772 -0.0294174 110.448 0.807471 -0.589474 0.0225901 -103.44 -0.0355873 -0.0104519 0.999312 2.72712
-0.589069 -0.807548 -0.0293909 110.149 0.807382 -0.589683 0.0202173 -103.01 -0.0336578 -0.0118203 0.999364 2.70318
-0.592257 -0.805351 -0.0253128 109.828 0.80525 -0.592704 0.016567 -102.55 -0.0283452 -0.0105712 0.999542 2.68427
-0.564737 -0.824933 -0.0236176 109.512 0.824633 -0.565195 0.0231468 -102.101 -0.0324431 -0.00640395 0.999453 2.65526
-0.462078 -0.886648 -0.0184332 109.303 0.886182 -0.462436 0.0288843 -101.595 -0.0341344 -0.00298839 0.999413 2.63295
-0.459076 -0.888395 -0.00197574 109.076 0.888311 -0.459062 0.012898 -101.114 -0.0123655 0.00416611 0.999915 2.62673
-0.459786 -0.88803 0.000187971 108.792 0.887986 -0.459761 0.010062 -100.611 -0.00884897 0.00479329 0.999949 2.59941
-0.459808 -0.888014 -0.002848 108.542 0.8879 -0.459797 0.0148273 -100.104 -0.0144763 0.00428897 0.999886 2.5791
-0.461833 -0.886941 -0.00686725 108.289 0.88695 -0.461858 0.00266483 -99.6186 -0.00553524 -0.0048602 0.999973 2.56185
-0.463027 -0.886236 -0.013834 108.018 0.886343 -0.462994 -0.0056659 -99.125 -0.00138376 -0.0148852 0.999888 2.57864
-0.466 -0.884631 -0.0165133 107.753 0.884784 -0.465947 -0.00716493 -98.6144 -0.001356 -0.0179495 0.999838 2.55079
-0.467487 -0.883807 -0.0184629 107.497 0.883988 -0.467487 -0.00455721 -98.1149 -0.00460349 -0.0184515 0.999819 2.53742
-0.469063 -0.882897 -0.0217701 107.233 0.882974 -0.469331 0.00924473 -97.6128 -0.0183795 -0.0148861 0.99972 2.51835
-0.470307 -0.88237 -0.0153321 106.984 0.88246 -0.470384 0.00168524 -97.1174 -0.00869897 -0.0127374 0.999881 2.51968
-0.471237 -0.881952 -0.00982751 106.731 0.882001 -0.471246 -0.00149535 -96.637 -0.00331235 -0.00937253 0.999951 2.49748
-0.549761 -0.835273 -0.00902214 106.444 0.835317 -0.549762 -0.00265547 -96.2353 -0.00274199 -0.00899623 0.999956 2.50262
-0.549959 -0.83504 -0.0159128 106.137 0.835091 -0.550089 0.00505361 -95.7393 -0.0129734 -0.0105093 0.999861 2.47012
-0.551648 -0.834009 -0.0106598 105.839 0.834027 -0.55171 0.00386007 -95.286 -0.00910044 -0.00676115 0.999936 2.45473
-0.557455 -0.830186 -0.00598846 105.535 0.830187 -0.557477 0.00298977 -94.8177 -0.00582049 -0.00330488 0.999978 2.4637
-0.638998 -0.76918 -0.00656783 105.2 0.769067 -0.639021 0.0137221 -94.4414 -0.0147517 0.00371729 0.999884 2.41404
-0.716164 -0.697848 -0.0108445 104.78 0.697799 -0.716244 0.00844212 -94.0651 -0.0136586 -0.00152133 0.999906 2.40398
-0.71486 -0.699238 -0.00644497 104.389 0.69925 -0.714877 0.000423589 -93.6649 -0.00490355 -0.00420384 0.999979 2.39327
-0.726425 -0.687222 -0.00575079 103.973 0.687187 -0.726447 0.00699871 -93.2674 -0.00898731 0.00113217 0.999959 2.35215
-0.670673 -0.741682 -0.0102204 103.593 0.741707 -0.670722 0.00191752 -92.8495 -0.00827723 -0.00629451 0.999946 2.35277
-0.66263 -0.748016 -0.0373347 103.233 0.748266 -0.66333 0.00957773 -92.4144 -0.0319295 -0.0215898 0.999257 2.32653
-0.612716 -0.789281 -0.0401867 102.912 0.789402 -0.613653 0.0165434 -92.0148 -0.0377181 -0.021587 0.999055 2.29617
-0.496045 -0.86753 -0.0364895 102.666 0.86766 -0.496852 0.0174274 -91.5311 -0.0332486 -0.0230157 0.999182 2.26572
-0.491258 -0.870279 -0.0357841 102.402 0.870499 -0.491966 0.0141967 -91.0512 -0.0299597 -0.0241758 0.999259 2.24591
-0.490308 -0.870898 -0.0336959 102.129 0.870922 -0.491055 0.0189588 -90.5524 -0.0330577 -0.0200509 0.999252 2.21217
-0.491636 -0.869958 -0.0383049 101.859 0.86985 -0.492679 0.0250701 -90.0575 -0.0406819 -0.0209942 0.998952 2.18471
-0.453633 -0.890369 -0.0382196 101.615 0.890764 -0.454324 0.0114057 -89.5821 -0.0275194 -0.0288707 0.999204 2.16148
-0.411433 -0.910667 -0.0375293 101.432 0.911172 -0.411962 0.00728577 -89.1114 -0.0220956 -0.031198 0.999269 2.15423
-0.410439 -0.911389 -0.0301688 101.197 0.911686 -0.410819 0.0074595 -88.5829 -0.0191924 -0.0244428 0.999517 2.12279
-0.411618 -0.911012 -0.0250443 100.977 0.911108 -0.411991 0.0120158 -88.082 -0.0212646 -0.0178721 0.999614 2.12347
-0.411538 -0.910973 -0.027663 100.75 0.911226 -0.411853 0.00661678 -87.5623 -0.0174208 -0.0224842 0.999595 2.07745
-0.411006 -0.911151 -0.0296365 100.523 0.911205 -0.411592 0.0172461 -87.0486 -0.027912 -0.0199167 0.999412 2.0625
-0.411393 -0.910933 -0.0309433 100.285 0.910897 -0.412094 0.0211118 -86.5302 -0.031983 -0.0195009 0.999298 2.02309
-0.413593 -0.909852 -0.0333291 100.071 0.910069 -0.414212 0.0142161 -86.0187 -0.0267399 -0.0244521 0.999343 2.00968
-0.415005 -0.909045 -0.0375113 99.8386 0.90951 -0.415586 0.00893447 -85.5163 -0.023711 -0.030409 0.999256 1.99888
-0.417121 -0.908138 -0.0360043 99.614 0.908606 -0.417601 0.00666596 -85.008 -0.021089 -0.0299332 0.999329 1.97164
-0.417151 -0.908082 -0.0370505 99.3814 0.908364 -0.417903 0.0152543 -84.484 -0.0293356 -0.027292 0.999197 1.94892
-0.419928 -0.906875 -0.035183 99.1477 0.90722 -0.420513 0.0109688 -83.9731 -0.0247423 -0.0273126 0.999321 1.92963
-0.389847 -0.920235 -0.0344561 98.9472 0.920649 -0.390314 0.00779259 -83.477 -0.0206197 -0.0286841 0.999376 1.90524
-0.385699 -0.921946 -0.0353867 98.7338 0.922421 -0.386136 0.00623331 -82.9659 -0.0194108 -0.0302372 0.999354 1.88576
-0.385531 -0.922058 -0.0342832 98.5237 0.922469 -0.385992 0.00777456 -82.4399 -0.0204016 -0.0286278 0.999382 1.86002
-0.387588 -0.921199 -0.0341661 98.3069 0.921675 -0.38794 0.00409147 -81.9205 -0.0170235 -0.0299042 0.999408 1.84501
-0.386639 -0.921485 -0.0370876 98.1015 0.922009 -0.387115 0.00637081 -81.4009 -0.0202278 -0.0317319 0.999292 1.82114
-0.390221 -0.919906 -0.0387472 97.88 0.920502 -0.3907 0.00537995 -80.877 -0.0200876 -0.0335675 0.999235 1.80405
-0.392188 -0.919277 -0.0334272 97.6715 0.919778 -0.392437 0.000952114 -80.3558 -0.0139933 -0.0303723 0.999441 1.78116
-0.330301 -0.943152 -0.0369611 97.5007 0.943499 -0.331021 0.0152853 -79.8739 -0.0266513 -0.0298241 0.9992 1.76491
-0.270702 -0.961974 -0.0364112 97.3943 0.962487 -0.271183 0.00889828 -79.3857 -0.018434 -0.0326365 0.999297 1.75498
-0.273138 -0.96105 -0.0421748 97.2401 0.961679 -0.273879 0.0128087 -78.8393 -0.0238606 -0.03706 0.999028 1.73192
-0.274609 -0.960755 -0.0392335 97.092 0.961398 -0.275075 0.00690394 -78.2996 -0.0174251 -0.0358231 0.999206 1.71322
-0.274013 -0.96105 -0.0360595 96.9489 0.961517 -0.274543 0.0105854 -77.7584 -0.020073 -0.0317712 0.999294 1.69483
-0.274667 -0.960974 -0.0329573 96.8065 0.96146 -0.274923 0.00340943 -77.2233 -0.0123371 -0.0307507 0.999451 1.68082
-0.276062 -0.960661 -0.0303261 96.6535 0.961095 -0.276218 0.000975035 -76.6784 -0.00931329 -0.0288771 0.99954 1.66733
-0.280259 -0.959217 -0.0368462 96.5015 0.95983 -0.280562 0.00322411 -76.1428 -0.0134303 -0.0344625 0.999316 1.64787
-0.248684 -0.96774 -0.0404383 96.3598 0.968494 -0.249014 0.00326096 -75.6142 -0.0132255 -0.0383533 0.999177 1.63037
-0.194252 -0.979923 -0.0449202 96.2796 0.980862 -0.19465 0.00463173 -75.1125 -0.0132825 -0.0431608 0.99898 1.62139
-0.194716 -0.979873 -0.043993 96.184 0.980805 -0.194984 0.00183625 -74.5603 -0.0103772 -0.042791 0.99903 1.60051
-0.196594 -0.979597 -0.041726 96.0763 0.980468 -0.196661 -0.00253202 -74.0085 -0.00572551 -0.0414088 0.999126 1.59998
-0.198085 -0.979425 -0.038598 95.96 0.980172 -0.198133 -0.00260327 -73.4535 -0.00509784 -0.0383483 0.999251 1.58666
-0.196227 -0.980087 -0.0304114 95.8681 0.980226 -0.196873 0.0199335 -72.9018 -0.0255238 -0.0258986 0.999339 1.56384
-0.199868 -0.979316 -0.0315181 95.7561 0.979811 -0.199918 -0.00160693 -72.3529 -0.00472734 -0.031203 0.999502 1.55504
-0.202309 -0.978858 -0.0301256 95.6488 0.979319 -0.202287 -0.00383183 -71.8142 -0.00234318 -0.0302778 0.999539 1.56499
-0.264757 -0.963851 -0.0299152 95.5131 0.964262 -0.264941 0.00228988 -71.3052 -0.0101329 -0.0282398 0.99955 1.51911
-0.275873 -0.960751 -0.0291801 95.3641 0.961185 -0.275877 -0.00396298 -70.7757 -0.0042427 -0.0291408 0.999566 1.52274
-0.276882 -0.960249 -0.0354622 95.2099 0.960767 -0.277277 0.0066434 -70.2296 -0.0162122 -0.0322315 0.999349 1.49781
-0.27994 -0.959387 -0.0347913 95.0518 0.959961 -0.280132 0.000666871 -69.6902 -0.010386 -0.0332116 0.999394 1.48735
-0.281653 -0.958921 -0.0337915 94.9014 0.959432 -0.281921 0.00336796 -69.14 -0.0127561 -0.031472 0.999423 1.46533
-0.285759 -0.957856 -0.0292281 94.7527 0.95828 -0.285823 -0.00203191 -68.6085 -0.0064078 -0.0285893 0.999571 1.44803
-0.2863 -0.957619 -0.0316017 94.5881 0.958107 -0.286407 -0.00118096 -68.0769 -0.00792005 -0.0306159 0.9995 1.44514
-0.287228 -0.957208 -0.0353829 94.4362 0.957673 -0.28771 0.00926438 -67.5279 -0.0190479 -0.0312242 0.999331 1.42237
-0.286393 -0.957525 -0.0335403 94.2824 0.958103 -0.28637 -0.00559434 -66.9979 -0.00424821 -0.0337372 0.999422 1.41377
-0.286902 -0.957539 -0.0284065 94.1281 0.957876 -0.287144 0.00473062 -66.4508 -0.0126865 -0.0258527 0.999585 1.39597
-0.290432 -0.956478 -0.0282766 93.9617 0.956858 -0.290556 0.000266151 -65.9185 -0.00847049 -0.0269794 0.9996 1.38157
-0.290847 -0.956393 -0.0268264 93.807 0.95672 -0.291004 0.00202989 -65.3776 -0.00974794 -0.0250749 0.999638 1.36918
-0.291167 -0.956289 -0.0270618 93.6577 0.956672 -0.291076 -0.0073497 -64.8418 -0.00084859 -0.0280292 0.999607 1.35715
-0.295425 -0.954654 -0.0368821 93.4853 0.955324 -0.295554 -0.00203452 -64.2994 -0.00895836 -0.0358354 0.999318 1.34202
-0.295656 -0.954606 -0.0362624 93.3182 0.955219 -0.295897 0.00134273 -63.7688 -0.0120117 -0.0342416 0.999341 1.33204
-0.295481 -0.954788 -0.0327255 93.1596 0.955246 -0.295778 0.00453377 -63.2214 -0.0140083 -0.0299212 0.999454 1.30848
-0.297734 -0.954197 -0.0293513 92.9956 0.954626 -0.2978 -0.00220036 -62.6832 -0.00664125 -0.0286746 0.999567 1.30603
-0.299153 -0.953443 -0.0381234 92.8299 0.954094 -0.29949 0.00331008 -62.1466 -0.0145736 -0.0353831 0.999268 1.28173
-0.301078 -0.953081 -0.0314584 92.6703 0.9536 -0.300915 -0.00988783 -61.6153 -4.24071e-05 -0.0329757 0.999456 1.27613
-0.302498 -0.952712 -0.0289031 92.5025 0.953105 -0.302639 0.000511742 -61.0758 -0.00923474 -0.0273929 0.999582 1.263
-0.302809 -0.952664 -0.0271839 92.3409 0.953049 -0.302749 -0.0063858 -60.5325 -0.0021464 -0.0278413 0.99961 1.23139
-0.303668 -0.952458 -0.0246732 92.1687 0.952675 -0.303914 0.00683282 -59.9999 -0.0140065 -0.0214307 0.999672 1.23393
-0.304428 -0.952223 -0.0243726 92.013 0.95247 -0.304608 0.00393484 -59.4602 -0.0111709 -0.0220163 0.999695 1.2202
-0.305839 -0.9519 -0.0186802 91.84 0.952049 -0.305936 0.00254992 -58.9251 -0.00814222 -0.0170046 0.999822 1.20381
-0.307487 -0.951342 -0.0200325 91.6769 0.951449 -0.307695 0.00825779 -58.3905 -0.0140199 -0.0165208 0.999765 1.18909
-0.308749 -0.951054 -0.0130598 91.5014 0.951144 -0.308723 -0.00398806 -57.863 -0.000238989 -0.013653 0.999907 1.19423
-0.309343 -0.950773 -0.0183705 91.3298 0.950914 -0.309444 0.00281862 -57.3235 -0.00836451 -0.0165969 0.999827 1.17971
-0.310043 -0.950508 -0.0201838 91.1646 0.950706 -0.310091 -0.000761233 -56.7832 -0.00553527 -0.0194249 0.999796 1.15215
-0.311276 -0.950179 -0.0163354 90.9957 0.950311 -0.311301 -0.00109171 -56.247 -0.00404791 -0.0158636 0.999866 1.14177
-0.236176 -0.971517 -0.019368 90.8802 0.971693 -0.236244 0.00131421 -55.7584 -0.00585236 -0.0185094 0.999812 1.13038
-0.218052 -0.975797 -0.016524 90.7834 0.975935 -0.218059 -0.00142582 -55.2226 -0.0022119 -0.0164373 0.999862 1.12008
-0.216632 -0.976004 -0.0220653 90.6646 0.976181 -0.216836 0.0072865 -54.6731 -0.0118962 -0.0199613 0.99973 1.10702
-0.21576 -0.976263 -0.0189333 90.5451 0.976446 -0.215717 -0.00434832 -54.1277 0.00016087 -0.0194256 0.999811 1.10146
-0.216549 -0.97598 -0.0238728 90.4269 0.976095 -0.21691 0.0137042 -53.566 -0.0185532 -0.0203345 0.999621 1.07729
-0.219373 -0.975479 -0.017801 90.3152 0.975491 -0.218983 -0.0215211 -53.0344 0.0170952 -0.0220858 0.99961 1.07894
-0.218515 -0.975704 -0.015877 90.1936 0.975762 -0.218273 -0.0156401 -52.4831 0.0117946 -0.0189098 0.999752 1.06858
-0.219422 -0.975503 -0.0157603 90.0826 0.97563 -0.219394 -0.00351772 -51.932 -2.61752e-05 -0.0161481 0.99987 1.06159
-0.219011 -0.975641 -0.0125687 89.9621 0.975721 -0.219011 -0.00139279 -51.3749 -0.00139381 -0.0125685 0.99992 1.04617
-0.284037 -0.958753 -0.0107754 89.7977 0.9588 -0.283956 -0.00842677 -50.895 0.00501944 -0.012725 0.999906 1.0141
-0.309524 -0.950808 -0.012645 89.6437 0.950844 -0.309614 0.00587576 -50.3718 -0.00950179 -0.0102047 0.999903 1.02102
-0.313434 -0.949509 -0.0138199 89.4674 0.949581 -0.313505 0.00323146 -49.8401 -0.00740089 -0.0121102 0.999899 1.01877
-0.315617 -0.94874 -0.0166945 89.2991 0.948859 -0.315692 0.00199493 -49.3128 -0.00716298 -0.0152111 0.999859 1.00663
-0.319214 -0.947587 -0.013479 89.1258 0.94767 -0.319105 -0.00961586 -48.7792 0.00481065 -0.0158431 0.999863 1.0031
-0.321712 -0.94679 -0.00950238 88.9523 0.946727 -0.321504 -0.0185398 -48.2486 0.0144983 -0.0149606 0.999783 0.994602
-0.322878 -0.946324 -0.0148676 88.7709 0.946436 -0.322785 -0.00834617 -47.7098 0.00309916 -0.016766 0.999855 0.986863
-0.324987 -0.945561 -0.0172866 88.5909 0.945715 -0.32488 -0.00875478 -47.1801 0.0026621 -0.0191934 0.999812 0.980393
-0.455085 -0.89036 -0.0125293 88.3366 0.890421 -0.454917 -0.0141795 -46.69 0.00692508 -0.0176092 0.999821 0.981569
-0.470841 -0.882167 -0.0095142 88.0873 0.882058 -0.470522 -0.0241558 -46.2189 0.0168328 -0.0197656 0.999663 0.977169
-0.473864 -0.880558 -0.00840344 87.8263 0.880278 -0.473413 -0.0314744 -45.7254 0.0237367 -0.0223119 0.999469 0.980607
-0.476274 -0.879191 -0.0136208 87.5641 0.879051 -0.475718 -0.0310018 -45.2297 0.0207768 -0.0267387 0.999427 0.992474
-0.4782 -0.878105 -0.0160422 87.2897 0.878088 -0.477678 -0.0280289 -44.7331 0.0169493 -0.0274899 0.999478 0.991755
-0.480551 -0.876909 -0.0100398 87.032 0.8763 -0.479708 -0.0444869 -44.2537 0.0341948 -0.030176 0.99896 1.00534
-0.619471 -0.785017 -0.00195142 86.6907 0.784334 -0.618824 -0.0433313 -43.8311 0.0328083 -0.0283731 0.999059 1.00569
-0.737849 -0.67496 0.00278352 86.3538 0.67436 -0.737355 -0.0393201 -43.5824 0.028592 -0.0271352 0.999223 1.00457
-0.797429 -0.60336 0.00798805 85.9366 0.602894 -0.797222 -0.0309264 -43.2991 0.025028 -0.0198457 0.99949 1.00672
-0.861051 -0.508508 0.00316216 85.4566 0.508123 -0.860611 -0.0340684 -43.0064 0.0200454 -0.0277278 0.999415 1.0045
-0.910796 -0.412838 0.00391934 84.928 0.412599 -0.910521 -0.0267053 -42.7919 0.0145936 -0.022706 0.999636 1.00905
-0.945425 -0.325838 0.000964667 84.44 0.325746 -0.945218 -0.0212677 -42.6392 0.00784166 -0.0197928 0.999773 1.01577
-0.967229 -0.253905 0.000240821 83.9469 0.253817 -0.96692 -0.0253472 -42.5285 0.00666863 -0.0244555 0.999679 0.995451
-0.968979 -0.247134 0.00192628 83.4036 0.247054 -0.968814 -0.0190955 -42.3939 0.00658534 -0.0180272 0.999816 1.00332
-0.962488 -0.271176 0.00897118 82.9011 0.270994 -0.962422 -0.0174812 -42.2321 0.0133745 -0.0143943 0.999807 1.00104
-0.947367 -0.319797 0.0150229 82.4241 0.319609 -0.947452 -0.0136198 -42.0637 0.018589 -0.00810149 0.999794 1.00747
-0.947203 -0.320354 0.0133873 81.8941 0.32022 -0.947276 -0.0112527 -41.874 0.0162863 -0.00637173 0.999847 1.00729
-0.947667 -0.319057 0.0114288 81.3686 0.318988 -0.947729 -0.00746354 -41.681 0.0132127 -0.00342729 0.999907 1.00182
-0.948515 -0.316383 0.0148495 80.8287 0.316253 -0.948617 -0.0104796 -41.4986 0.0174021 -0.00524388 0.999835 1.0045
-0.948528 -0.316635 0.0060122 80.2969 0.316596 -0.948537 -0.00662839 -41.319 0.00780158 -0.00438378 0.99996 1.00258
-0.949323 -0.314255 0.0054551 79.7785 0.31425 -0.949339 -0.00174345 -41.1399 0.00572663 5.9169e-05 0.999984 1.01526
-0.950263 -0.311443 -0.00192133 79.2369 0.311449 -0.950251 -0.00466914 -40.9654 -0.00037158 -0.0050353 0.999987 1.00238
-0.974598 -0.223768 0.00931085 78.6816 0.22365 -0.974593 -0.0122425 -40.8438 0.0118138 -0.00984912 0.999882 0.990176
-0.980034 -0.197181 0.0255695 78.1393 0.196751 -0.980281 -0.0183866 -40.7412 0.0286908 -0.0129887 0.999504 1.0029
-0.987656 -0.155254 0.0208074 77.5996 0.155043 -0.987842 -0.0113902 -40.6473 0.0223228 -0.00802354 0.999719 1.01105
-0.995485 -0.0937987 0.014571 77.0876 0.0937117 -0.995578 -0.00654533 -40.6011 0.0151205 -0.00515031 0.999872 1.01453
-0.996459 -0.0817087 0.0198219 76.5258 0.0816171 -0.996649 -0.00539037 -40.5532 0.0201959 -0.00375348 0.999789 1.02019
-0.99693 -0.0776403 0.0101461 75.9591 0.0776713 -0.996975 0.00269398 -40.4985 0.00990621 0.00347377 0.999945 1.00817
-0.992545 -0.121503 0.00960005 75.4331 0.121527 -0.992586 0.00195939 -40.4289 0.0092908 0.00311145 0.999952 0.984634
-0.986727 -0.162377 0.0020665 74.9203 0.16239 -0.986657 0.0116869 -40.325 0.000141243 0.0118674 0.99993 1.0127
-0.985574 -0.168841 -0.011673 74.3582 0.168785 -0.985637 0.00559554 -40.2232 -0.01245 0.0035446 0.999916 0.996315
-0.986015 -0.166656 0.000768607 73.7783 0.166655 -0.986015 -0.00108687 -40.1291 0.000938992 -0.000943579 0.999999 0.986911
-0.986394 -0.164283 -0.0061345 73.2513 0.164309 -0.986401 -0.00399047 -40.0281 -0.0053955 -0.00494413 0.999973 0.963316
-0.986785 -0.162001 -0.00332477 72.6843 0.162022 -0.98676 -0.00738438 -39.9375 -0.00208447 -0.00782548 0.999967 0.966756
-0.988031 -0.154086 -0.00727441 72.1425 0.154107 -0.988051 -0.00239873 -39.8445 -0.00681788 -0.00349106 0.999971 0.960743
-0.992275 -0.122868 -0.0171564 71.6104 0.12307 -0.992334 -0.0112504 -39.7698 -0.0156426 -0.0132749 0.99979 0.930774
-0.996981 -0.077059 -0.00951954 71.0968 0.0771548 -0.996968 -0.0101405 -39.7591 -0.00870925 -0.0108443 0.999903 0.943437
-0.990533 -0.136678 -0.0127739 70.5296 0.136835 -0.990516 -0.0124093 -39.6503 -0.0109567 -0.0140398 0.999841 0.927674
-0.990048 -0.140404 -0.00952875 69.98 0.140516 -0.990002 -0.0123179 -39.5632 -0.007704 -0.0135343 0.999879 0.914505
-0.989835 -0.141395 -0.0153163 69.4821 0.141523 -0.989906 -0.00760418 -39.5111 -0.0140865 -0.00969448 0.999854 0.899874
-0.990009 -0.140335 -0.0136922 68.9403 0.140487 -0.990023 -0.0108227 -39.4218 -0.0120368 -0.0126382 0.999848 0.879797
-0.989922 -0.141075 -0.0123656 68.3977 0.141255 -0.989858 -0.0150947 -39.3382 -0.0101107 -0.0166892 0.99981 0.876637
-0.989682 -0.142149 -0.0179958 67.8209 0.142415 -0.989701 -0.0144892 -39.2386 -0.0157508 -0.0169025 0.999733 0.837469
-0.989706 -0.142104 -0.0169752 67.2687 0.142309 -0.989755 -0.0115689 -39.1558 -0.0151573 -0.0138655 0.999789 0.809981
-0.990311 -0.138687 -0.00700633 66.7242 0.138763 -0.990256 -0.0117725 -39.0768 -0.00530537 -0.0126306 0.999906 0.804736
-0.990133 -0.138986 -0.0179007 66.143 0.139109 -0.99026 -0.00578629 -38.9962 -0.0169221 -0.00821933 0.999823 0.763644
-0.989373 -0.137922 -0.0460314 65.6474 0.138124 -0.990414 -0.00122203 -38.9209 -0.0454216 -0.00756709 0.998939 0.684101
-0.988947 -0.136216 -0.058558 65.0996 0.13667 -0.990609 -0.00380568 -38.845 -0.0574897 -0.0117667 0.998277 0.680372
-0.989278 -0.133964 -0.0581532 64.5431 0.134895 -0.990783 -0.0123685 -38.7644 -0.0559603 -0.0200805 0.998231 0.63523
-0.989977 -0.132627 -0.0485427 63.9963 0.133929 -0.990685 -0.0246185 -38.6936 -0.0448254 -0.030873 0.998518 0.59894
-0.990637 -0.129275 -0.0438832 63.446 0.130888 -0.990739 -0.0361161 -38.6145 -0.0388079 -0.0415217 0.998384 0.567741
-0.991638 -0.124035 -0.0356211 62.8929 0.125686 -0.990878 -0.0486096 -38.5539 -0.0292669 -0.0526802 0.998182 0.546275
-0.992182 -0.12195 -0.0264993 62.3481 0.123183 -0.991055 -0.0513422 -38.4856 -0.020001 -0.054205 0.998329 0.526684
-0.992307 -0.120849 -0.0268568 61.789 0.122058 -0.991306 -0.0491446 -38.4084 -0.0206842 -0.0520446 0.998431 0.517638
-0.992806 -0.118367 -0.0180123 61.2364 0.119144 -0.99157 -0.050931 -38.3381 -0.0118319 -0.0527107 0.99854 0.484287
-0.992792 -0.116644 -0.0275296 60.6689 0.117781 -0.992059 -0.0441206 -38.2723 -0.0221646 -0.047045 0.998647 0.448567
-0.992739 -0.116403 -0.0303146 60.1203 0.117657 -0.992101 -0.0435123 -38.1982 -0.0250102 -0.0467631 0.998593 0.432232
-0.993222 -0.114181 -0.0217244 59.5679 0.115048 -0.992383 -0.0440492 -38.1285 -0.0165293 -0.04625 0.998793 0.407184
-0.993627 -0.109207 -0.0279065 58.9952 0.110344 -0.992958 -0.0431061 -38.0667 -0.0230025 -0.0459107 0.998681 0.378153
-0.99383 -0.108984 -0.0205983 58.4478 0.10969 -0.99328 -0.0369291 -38.0009 -0.0164352 -0.0389607 0.999106 0.360675
-0.994342 -0.106099 -0.00520736 57.896 0.106204 -0.993946 -0.0281391 -37.9374 -0.0021903 -0.028533 0.99959 0.342386
-0.994452 -0.105117 0.00390522 57.3347 0.104975 -0.994112 -0.0268792 -37.8751 0.00670768 -0.0263201 0.999631 0.347802
-0.994406 -0.105614 0.00178162 56.7673 0.105561 -0.99423 -0.0190456 -37.8084 0.00378282 -0.018751 0.999817 0.328204
-0.994572 -0.103777 -0.00751529 56.2238 0.103884 -0.994468 -0.0155713 -37.7436 -0.00585776 -0.0162675 0.999851 0.313174
-0.994593 -0.10251 -0.016606 55.6708 0.102724 -0.994629 -0.0126486 -37.6889 -0.0152202 -0.0142861 0.999782 0.29984
-0.994843 -0.100347 -0.0147805 55.1231 0.100495 -0.994891 -0.00963769 -37.6224 -0.0137379 -0.0110734 0.999844 0.264803
-0.995003 -0.0994835 -0.008455 54.549 0.0995828 -0.994954 -0.0122707 -37.5505 -0.0071916 -0.0130513 0.999889 0.250035
-0.995255 -0.0972957 -0.000776538 54.0098 0.0972988 -0.995224 -0.00792544 -37.5009 -1.71704e-06 -0.00796339 0.999968 0.24923
-0.996022 -0.0890976 0.00141066 53.4349 0.0890896 -0.996011 -0.00493105 -37.4461 0.00184438 -0.00478576 0.999987 0.225407
-0.998528 -0.0540043 -0.00503072 52.9004 0.0540007 -0.998541 0.000849905 -37.4285 -0.00506927 0.000576992 0.999987 0.209124
-0.998845 -0.0449008 -0.017132 52.3337 0.0448421 -0.998987 0.0037997 -37.3885 -0.0172852 0.00302708 0.999846 0.189029
-0.999197 -0.0390672 -0.00888975 51.7627 0.039049 -0.999235 0.00220909 -37.3668 -0.00896925 0.00186018 0.999958 0.176968
-0.999256 -0.0377266 -0.0080667 51.2153 0.0377032 -0.999284 0.00302694 -37.342 -0.00817513 0.00272055 0.999963 0.148533
-0.998896 -0.0466511 -0.00553359 50.6587 0.0466494 -0.998911 0.000439464 -37.3156 -0.00554807 0.000180841 0.999985 0.14999
-0.997742 -0.0669379 -0.00557387 50.1061 0.0669081 -0.997745 0.00538316 -37.2677 -0.00592164 0.00499806 0.99997 0.135333
-0.996241 -0.0865283 -0.00420715 49.5548 0.0865114 -0.996243 0.00403125 -37.2134 -0.00454016 0.00365213 0.999983 0.115657
-0.994853 -0.101127 -0.00641263 48.9982 0.101086 -0.994856 0.00652021 -37.1489 -0.00703902 0.00583842 0.999958 0.0977207
-0.994895 -0.100789 -0.0049979 48.4498 0.100738 -0.994867 0.00959424 -37.0856 -0.00593924 0.00904179 0.999941 0.0750479
-0.99464 -0.103296 -0.00456908 47.8884 0.10325 -0.994611 0.00936969 -37.03 -0.00551231 0.00884771 0.999946 0.0688141
-0.995054 -0.0992508 0.00417364 47.3218 0.099297 -0.994974 0.0129227 -36.9626 0.00287007 0.0132732 0.999908 0.0549563
-0.995105 -0.0983835 0.00926611 46.7698 0.0985005 -0.99505 0.0131569 -36.9041 0.00792582 0.0140052 0.999871 0.0539543
-0.99537 -0.0960901 -0.00249917 46.199 0.0960344 -0.995234 0.0169559 -36.8463 -0.00411655 0.0166374 0.999853 0.0354873
-0.995559 -0.0940923 -0.0030907 45.6478 0.0940257 -0.995421 0.017226 -36.7884 -0.00469738 0.0168589 0.999847 0.0204597
-0.995616 -0.0935249 -0.00158026 45.09 0.0934845 -0.995474 0.0170743 -36.7323 -0.00316998 0.0168518 0.999853 0.0148785
-0.995712 -0.0923421 -0.00549465 44.5324 0.0922188 -0.995547 0.0195639 -36.6714 -0.00727675 0.0189733 0.999794 -0.00207601
-0.98918 -0.146649 -0.00420982 44.0279 0.146532 -0.988985 0.0208949 -36.5778 -0.00722768 0.020052 0.999773 -0.0158206
-0.986291 -0.164964 -0.00408097 43.4801 0.164837 -0.986076 0.0219914 -36.4872 -0.00765193 0.0210172 0.99975 -0.0331291
-0.961732 -0.273982 -0.00245843 42.9463 0.273902 -0.961604 0.0171631 -36.3048 -0.00706643 0.015833 0.99985 -0.0587983
-0.925603 -0.37848 -0.00332523 42.438 0.378419 -0.925558 0.0118707 -36.088 -0.00757053 0.00972925 0.999924 -0.0594875
-0.887403 -0.460862 -0.0110681 41.9224 0.460747 -0.887457 0.0114687 -35.7977 -0.015108 0.00507771 0.999873 -0.084122
-0.868722 -0.495184 -0.0107229 41.4651 0.49513 -0.868788 0.00739344 -35.5154 -0.0129771 0.0011136 0.999915 -0.10929
-0.803076 -0.595425 -0.0232036 41.0084 0.595428 -0.803373 0.00756327 -35.1676 -0.0231445 -0.00774216 0.999702 -0.128909
-0.688176 -0.724797 -0.0329079 40.7451 0.724797 -0.688818 0.0141347 -34.8279 -0.0329123 -0.0141244 0.999358 -0.150549
-0.635539 -0.771484 -0.0300323 40.4415 0.771526 -0.63607 0.0127368 -34.4166 -0.0289289 -0.015076 0.999468 -0.171894
-0.590896 -0.806139 -0.0313303 40.1328 0.806396 -0.591339 0.00657248 -33.9905 -0.0238252 -0.021381 0.999487 -0.190483
-0.467846 -0.883272 -0.0308535 39.9242 0.883494 -0.468327 0.0104101 -33.5189 -0.0236444 -0.0223886 0.99947 -0.219088
-0.46806 -0.883027 -0.0343984 39.6493 0.883279 -0.468681 0.0124975 -33.0031 -0.0271575 -0.0245338 0.99933 -0.249648
-0.301791 -0.952673 -0.0365549 39.5379 0.953186 -0.302271 0.00827824 -32.5832 -0.0189359 -0.0323453 0.999297 -0.253453
-0.183062 -0.981999 -0.0465508 39.4929 0.982941 -0.181972 -0.0267053 -32.1419 0.0177536 -0.0506454 0.998559 -0.24734
-0.131904 -0.98962 -0.0570388 39.4177 0.989368 -0.127878 -0.0692633 -31.6258 0.0612504 -0.0655685 0.995966 -0.215065
0.0171414 -0.998039 -0.0601998 39.4693 0.996156 0.0222202 -0.0847371 -31.1061 0.0859086 -0.0585159 0.994583 -0.198675
0.0669028 -0.996028 -0.0587637 39.5187 0.994686 0.0712002 -0.0743682 -30.5279 0.0782567 -0.053476 0.995498 -0.161305
0.0655728 -0.996451 -0.0527738 39.5621 0.995042 0.0692599 -0.0713698 -29.9601 0.0747716 -0.0478323 0.996053 -0.108547
0.0640412 -0.996188 -0.0592309 39.5996 0.995897 0.0675999 -0.0601688 -29.4005 0.0639435 -0.0551346 0.996429 -0.0938631
0.129049 -0.98982 -0.0600206 39.6929 0.98998 0.132096 -0.0499018 -28.8369 0.0573223 -0.0529795 0.996949 -0.0604441
0.134038 -0.98926 -0.0582906 39.7625 0.990965 0.133519 0.0127309 -28.3135 -0.00481133 -0.0594703 0.998218 -0.0734745
0.13202 -0.989256 -0.062799 39.8465 0.991244 0.131915 0.00583075 -27.7796 0.00251605 -0.0630189 0.998009 -0.0907119
0.127766 -0.990084 -0.0583843 39.9236 0.991727 0.128269 -0.00493801 -27.23 0.0123779 -0.0572704 0.998282 -0.0801012
0.124509 -0.990481 -0.0586986 40.0039 0.992094 0.125213 -0.00846138 -26.6534 0.0157307 -0.057181 0.99824 -0.106959
0.120231 -0.991032 -0.0583172 40.0632 0.992471 0.121373 -0.0164328 -26.1227 0.0233636 -0.0559024 0.998163 -0.0669293
0.119341 -0.990904 -0.0621844 40.1394 0.992675 0.120273 -0.0114457 -25.5553 0.0188207 -0.0603629 0.997999 -0.0859603
0.116181 -0.990882 -0.0682308 40.2094 0.993151 0.116755 -0.00446254 -24.9777 0.0123881 -0.067245 0.99766 -0.117459
0.11447 -0.991242 -0.0658523 40.2709 0.993252 0.115443 -0.0111421 -24.4504 0.0186467 -0.0641325 0.997767 -0.0812871
0.111084 -0.991643 -0.0656019 40.3332 0.993542 0.112349 -0.0158985 -23.8746 0.0231359 -0.0634122 0.997719 -0.0903558
0.110184 -0.991835 -0.0642038 40.4025 0.993783 0.110977 -0.00892001 -23.3152 0.0159724 -0.0628218 0.997897 -0.0878719
0.108181 -0.992116 -0.0632739 40.4762 0.994107 0.108403 -8.09009e-05 -22.7543 0.00693937 -0.0628922 0.997996 -0.0923977
0.104894 -0.992567 -0.0617032 40.5387 0.994401 0.10548 -0.00631854 -22.196 0.0127801 -0.060695 0.998075 -0.0928679
0.10138 -0.993252 -0.0563304 40.6038 0.994777 0.101883 -0.006133 -21.6539 0.0118307 -0.0554145 0.998393 -0.087951
0.101299 -0.993496 -0.0520022 40.6635 0.994853 0.101282 0.00297597 -21.0744 0.00231026 -0.052036 0.998643 -0.112343
0.0984791 -0.99374 -0.0527536 40.7278 0.995137 0.0984542 0.00307696 -20.5154 0.00213612 -0.0528001 0.998603 -0.1096
0.0956235 -0.994039 -0.0523758 40.7848 0.995407 0.095738 0.000325432 -19.9611 0.00469086 -0.0521663 0.998627 -0.125576
0.0407763 -0.997355 -0.0601691 40.8062 0.999149 0.0410787 -0.00379679 -19.4403 0.00625842 -0.0599631 0.998181 -0.147963
-0.0946161 -0.99416 -0.0519005 40.7392 0.995514 -0.0944493 -0.00566176 -18.9816 0.000726734 -0.0522033 0.998636 -0.118918
-0.100405 -0.993701 -0.0497774 40.6877 0.994942 -0.100123 -0.00812298 -18.4062 0.00308794 -0.0503412 0.998727 -0.166962
0.0332053 -0.998067 -0.0525304 40.7111 0.999156 0.0344203 -0.0223964 -17.9054 0.0241612 -0.0517424 0.998368 -0.142058
0.0472587 -0.997546 -0.0516492 40.7517 0.998832 0.0477138 -0.00761345 -17.3336 0.0100592 -0.0512291 0.998636 -0.169558
0.112415 -0.992361 -0.0508223 40.8402 0.993596 0.112849 -0.00573696 -16.7635 0.0114284 -0.0498519 0.998691 -0.166854
0.111446 -0.992674 -0.0466594 40.9091 0.993542 0.112305 -0.0162088 -16.2017 0.0213302 -0.0445517 0.998779 -0.179746
0.110374 -0.99282 -0.0460998 40.9814 0.993886 0.11039 0.0021976 -15.6197 0.00290715 -0.0460605 0.998934 -0.196244
0.110322 -0.993049 -0.0410166 41.0453 0.993856 0.110593 -0.00440497 -15.0845 0.00891051 -0.0402786 0.999149 -0.169868
0.106643 -0.993409 -0.0420266 41.118 0.994135 0.107295 -0.0135719 -14.5097 0.0179917 -0.0403328 0.999024 -0.178321
0.102879 -0.993895 -0.0398506 41.1693 0.994619 0.103281 -0.00815702 -13.9659 0.012223 -0.038797 0.999172 -0.176392
0.101443 -0.993919 -0.0428318 41.2337 0.994589 0.102292 -0.0181208 -13.4172 0.022392 -0.0407618 0.998918 -0.179974
0.100485 -0.994192 -0.0385495 41.2973 0.994787 0.101069 -0.0135225 -12.8555 0.0173401 -0.0369897 0.999165 -0.182609
0.100146 -0.994219 -0.0387315 41.3638 0.994821 0.100734 -0.0135311 -12.2869 0.0173544 -0.0371759 0.999158 -0.214829
0.0992508 -0.994219 -0.0409686 41.4234 0.994929 0.0998284 -0.0122986 -11.7264 0.0163173 -0.0395402 0.999085 -0.195
0.0974497 -0.994234 -0.0447398 41.4768 0.995167 0.0978892 -0.00773303 -11.1669 0.012068 -0.04377 0.998969 -0.194105
0.095789 -0.994292 -0.0469935 41.5405 0.995306 0.0963275 -0.00932657 -10.6156 0.0138001 -0.0458795 0.998852 -0.193513
0.0935474 -0.99457 -0.045611 41.5958 0.99541 0.0943594 -0.0159832 -10.0571 0.0202002 -0.0439064 0.998831 -0.176569
0.0889223 -0.99497 -0.0461268 41.6491 0.995791 0.0898374 -0.0181549 -9.49954 0.0222075 -0.0443183 0.998771 -0.188268
0.0897535 -0.994886 -0.0463212 41.7061 0.995784 0.0905233 -0.0147955 -8.93722 0.018913 -0.044798 0.998817 -0.181627
0.151407 -0.98721 -0.0499139 41.7962 0.988433 0.151653 -0.00116154 -8.45527 0.00871628 -0.0491607 0.998753 -0.210593
0.14987 -0.986763 -0.0619545 41.8863 0.988001 0.151834 -0.0282893 -7.89176 0.0373217 -0.0569714 0.997678 -0.170033
0.148326 -0.987285 -0.0571726 41.9731 0.988486 0.149759 -0.0216319 -7.34548 0.0299189 -0.0533058 0.99813 -0.189175
0.146797 -0.987601 -0.0556236 42.0547 0.989043 0.147435 -0.00751841 -6.78844 0.015626 -0.0539104 0.998424 -0.156498
0.146896 -0.987108 -0.0635597 42.1263 0.989136 0.14696 0.00368599 -6.29188 0.00570229 -0.0634106 0.997971 -0.197646
0.146028 -0.986526 -0.0737662 42.2189 0.989215 0.144757 0.022326 -5.72431 -0.0113471 -0.0762309 0.997026 -0.259907
0.229444 -0.969944 -0.0810216 42.3579 0.973258 0.229584 0.00769925 -5.25585 0.0111335 -0.0806215 0.996683 -0.245288
0.227502 -0.970262 -0.0826747 42.4805 0.973601 0.228257 0.000322563 -4.74331 0.0185581 -0.0805656 0.996577 -0.232371
0.0807287 -0.9933 -0.0826873 42.4915 0.996649 0.0815387 -0.00646057 -4.29594 0.0131595 -0.0818887 0.996555 -0.254382
-0.117175 -0.990377 -0.0736381 42.3901 0.993111 -0.11684 -0.00884964 -3.95791 0.000160588 -0.0741678 0.997246 -0.262687
-0.135417 -0.987734 -0.0777426 42.3092 0.990789 -0.135021 -0.0103557 -3.41919 -0.000268192 -0.0784288 0.99692 -0.272499
-0.164024 -0.983393 -0.0776823 42.2233 0.986444 -0.163114 -0.0179505 -2.89316 0.00498129 -0.0795735 0.996817 -0.291536
-0.343184 -0.936396 -0.0734 42.1025 0.939252 -0.342589 -0.0209441 -2.73256 -0.00553407 -0.0761287 0.997083 -0.297774
-0.523536 -0.849263 -0.0682818 41.9467 0.851845 -0.523299 -0.0227452 -2.61076 -0.0164151 -0.0700735 0.997407 -0.298814
-0.625965 -0.776835 -0.0685161 41.8487 0.779378 -0.626226 -0.0202684 -2.56129 -0.0271614 -0.0660873 0.997444 -0.315403
-0.74893 -0.659686 -0.0626009 41.7943 0.661704 -0.749562 -0.0174863 -2.61252 -0.0353877 -0.0545192 0.997885 -0.318797
-0.836704 -0.544319 -0.0603581 41.7224 0.545984 -0.837673 -0.0143512 -2.6381 -0.0427487 -0.0449623 0.998074 -0.322553
-0.89939 -0.432611 -0.0628216 41.5939 0.434237 -0.900684 -0.0143713 -2.64344 -0.0503652 -0.0402049 0.997921 -0.334231
-0.961157 -0.269118 -0.061263 41.3154 0.270303 -0.962703 -0.0118072 -2.62855 -0.0558006 -0.0279082 0.998052 -0.356273
-0.990712 -0.11291 -0.075765 41.0206 0.113297 -0.993561 -0.000827921 -2.65057 -0.0751837 -0.00940422 0.997125 -0.378188
-0.996815 0.0264018 -0.0752464 40.7284 -0.0268857 -0.999624 0.00542578 -2.70836 -0.0750749 0.00743155 0.99715 -0.426789
-0.999141 -0.039246 0.0133409 40.3589 0.0392929 -0.999222 0.00327505 -2.67352 0.013202 0.00379644 0.999906 -0.42141
-0.996805 -0.0758379 0.025078 39.829 0.0757097 -0.997112 -0.00602602 -2.60839 0.0254625 -0.00410812 0.999667 -0.39715
-0.991782 -0.124024 0.031415 39.3023 0.123703 -0.992247 -0.0119554 -2.5323 0.0326542 -0.00797096 0.999435 -0.391944
-0.980988 -0.19144 0.0318275 38.7938 0.190998 -0.981453 -0.0164178 -2.45528 0.0343803 -0.0100267 0.999359 -0.380631
-0.973973 -0.226375 0.011447 38.2721 0.226176 -0.973948 -0.0164233 -2.30373 0.0148666 -0.0134068 0.9998 -0.392758
-0.988597 -0.150572 0.00206486 37.768 0.150531 -0.988514 -0.0134513 -2.22432 0.00406653 -0.0129871 0.999907 -0.397727
-0.989045 -0.147186 -0.0112218 37.2559 0.14727 -0.989072 -0.00700199 -2.15173 -0.0100685 -0.00857791 0.999913 -0.42928
-0.989433 -0.14454 -0.0113959 36.7175 0.144625 -0.989462 -0.00701036 -2.0684 -0.0102625 -0.00858441 0.99991 -0.440608
-0.989476 -0.144045 -0.0137095 36.1872 0.144111 -0.989554 -0.00394503 -1.97877 -0.0129981 -0.00587921 0.999898 -0.45822
-0.98974 -0.141983 -0.015986 35.632 0.142048 -0.989855 -0.0029806 -1.89567 -0.0154006 -0.00522079 0.999868 -0.478054
-0.990146 -0.139834 -0.007541 35.0908 0.139864 -0.990164 -0.00355115 -1.80308 -0.00697026 -0.00457087 0.999965 -0.487629
-0.990304 -0.134893 0.0331956 34.566 0.134655 -0.990849 -0.00933831 -1.73475 0.0341515 -0.00477781 0.999405 -0.466984
-0.989134 -0.135176 0.057806 34.0078 0.134815 -0.990819 -0.0101111 -1.65856 0.0586421 -0.00220806 0.998277 -0.45968
-0.988789 -0.132733 0.0684049 33.4803 0.132149 -0.991145 -0.0130079 -1.58537 0.0695257 -0.00382247 0.997573 -0.42401
-0.988996 -0.132327 0.066156 32.9146 0.131685 -0.991193 -0.0139948 -1.49841 0.0674252 -0.00512905 0.997711 -0.403273
-0.989029 -0.131987 0.0663334 32.3569 0.131505 -0.991248 -0.0116006 -1.42144 0.0672839 -0.0027502 0.99773 -0.385378
-0.991498 -0.129463 0.013092 31.8607 0.129364 -0.991564 -0.00810585 -1.34737 0.014031 -0.00634329 0.999881 -0.407198
-0.998144 -0.0608731 0.00169189 31.3336 0.0608617 -0.998128 -0.00608535 -1.32418 0.00205916 -0.00597109 0.99998 -0.432334
-0.998449 -0.0556727 0.000912448 30.7905 0.0556661 -0.99843 -0.00614999 -1.28298 0.0012534 -0.00608966 0.999981 -0.430314
-0.99859 -0.0527849 0.00561837 30.215 0.0527408 -0.998578 -0.00773295 -1.25539 0.00601856 -0.00742573 0.999954 -0.436521
-0.998838 -0.0480943 0.0032429 29.6511 0.0480481 -0.99876 -0.0130681 -1.21444 0.00386738 -0.0128971 0.999909 -0.444926
-0.998511 -0.054392 -0.00415239 29.0944 0.0544525 -0.998385 -0.0161763 -1.20959 -0.00326582 -0.0163783 0.999861 -0.457182
-0.996179 -0.0868619 -0.00907455 28.5573 0.086973 -0.99613 -0.0126606 -1.12879 -0.00793971 -0.0134014 0.999879 -0.477301
-0.995988 -0.0885005 -0.0132714 27.9808 0.0886331 -0.996017 -0.00976207 -1.07 -0.0123546 -0.0108992 0.999864 -0.501174
-0.9961 -0.0880283 0.00593407 27.4488 0.0880048 -0.996112 -0.00411697 -1.00865 0.00627341 -0.00357869 0.999974 -0.511397
-0.996123 -0.0877222 0.00656091 26.8764 0.0876831 -0.99613 -0.00603415 -0.958724 0.00706485 -0.00543547 0.99996 -0.518031
-0.996358 -0.0847972 0.00900553 26.3306 0.0847393 -0.996381 -0.00662813 -0.912111 0.00953499 -0.00584087 0.999937 -0.524727
-0.999087 -0.041594 0.00974943 25.8015 0.0415198 -0.999108 -0.00769721 -0.893823 0.0100609 -0.00728539 0.999923 -0.530456
-0.999808 -0.0163611 0.0107858 25.278 0.0162798 -0.999839 -0.00758227 -0.88756 0.0109081 -0.00740523 0.999913 -0.533141
-0.999768 -0.0121564 0.017782 24.7066 0.0120468 -0.999908 -0.00625988 -0.879486 0.0178565 -0.00604421 0.999822 -0.538841
-0.999857 -0.0107356 0.0130789 24.2072 0.0106486 -0.999921 -0.00670338 -0.864603 0.0131499 -0.00656315 0.999892 -0.561399
-0.9987 -0.0488097 0.014714 23.7042 0.0487307 -0.998796 -0.00568483 -0.82174 0.0149737 -0.00496042 0.999876 -0.545066
-0.998603 -0.0523194 0.00746352 23.125 0.0522958 -0.998626 -0.00331541 -0.778676 0.00762672 -0.00292047 0.999967 -0.557408
-0.998688 -0.0500137 0.0109937 22.5728 0.0500137 -0.998748 -0.000272648 -0.744654 0.0109936 0.000277548 0.99994 -0.566692
-0.998708 -0.0486157 0.0147798 22.0083 0.0486194 -0.998817 -0.000108692 -0.714392 0.0147676 0.000610031 0.999891 -0.569513
-0.998738 -0.0477888 0.0154296 21.4525 0.0477901 -0.998857 -0.000284553 -0.694433 0.0154256 0.00045319 0.999881 -0.577712
-0.998798 -0.0463612 0.0159067 20.9 0.0464256 -0.998915 0.0037068 -0.638173 0.0157176 0.00444082 0.999867 -0.573534
-0.998781 -0.045863 0.0182728 20.3299 0.0459272 -0.99894 0.0031117 -0.614529 0.0181107 0.00394713 0.999828 -0.573345
-0.998159 -0.0448752 0.0408134 19.7866 0.0447926 -0.998992 -0.00293864 -0.59506 0.0409042 -0.00110509 0.999162 -0.56206
-0.997628 -0.0425111 0.0541494 19.2382 0.0420084 -0.999063 -0.0103877 -0.552009 0.0545402 -0.00808837 0.998479 -0.5372
-0.997428 -0.0418938 0.0581489 18.6876 0.0412107 -0.999067 -0.0128992 -0.536892 0.0586351 -0.0104697 0.998225 -0.515814
-0.998078 -0.0394754 0.0477704 18.1029 0.0388667 -0.999152 -0.0136046 -0.504095 0.0482669 -0.0117218 0.998766 -0.51049
-0.998335 -0.0376552 0.0436958 17.5643 0.0369646 -0.99918 -0.0165067 -0.490496 0.0442815 -0.014864 0.998909 -0.492544
-0.99831 -0.0370654 0.044762 16.9917 0.036437 -0.999227 -0.0147728 -0.452266 0.0452749 -0.0131168 0.998888 -0.477523
-0.998251 -0.0356581 0.0471618 16.4369 0.0350111 -0.999282 -0.0144758 -0.439357 0.0476442 -0.0127993 0.998782 -0.466732
-0.997995 -0.0346406 0.0529709 15.8857 0.0338662 -0.999307 -0.0154478 -0.413813 0.0534693 -0.0136229 0.998477 -0.448771
-0.997897 -0.0324668 0.0560986 15.3187 0.031653 -0.999381 -0.0153351 -0.37055 0.0565618 -0.0135272 0.998307 -0.432429
-0.997834 -0.0307889 0.0581319 14.7557 0.0299067 -0.999425 -0.0159853 -0.357856 0.0585907 -0.0142122 0.998181 -0.410112
-0.99333 -0.103648 0.0505184 14.1865 0.102999 -0.994564 -0.0152856 -0.267039 0.0518281 -0.00998027 0.998606 -0.39687
-0.992631 -0.104713 0.0609887 13.6326 0.10396 -0.994462 -0.0154125 -0.220693 0.0622648 -0.00895854 0.998019 -0.373474
-0.992871 -0.103703 0.0587653 13.0621 0.103182 -0.994592 -0.0118484 -0.165337 0.0596762 -0.00570043 0.998202 -0.362206
-0.993156 -0.103732 0.0536666 12.5039 0.103153 -0.994574 -0.0134605 -0.100254 0.0547717 -0.00783257 0.998468 -0.342211
-0.993197 -0.102603 0.0550729 11.9484 0.102185 -0.994711 -0.0103706 -0.0296379 0.0558457 -0.00467243 0.998428 -0.333074
-0.993556 -0.101285 0.0508646 11.3961 0.10098 -0.994852 -0.00853297 0.0309111 0.051467 -0.00334169 0.998669 -0.306573
-0.993423 -0.100958 0.0540196 10.8454 0.100656 -0.994887 -0.00829006 0.0870765 0.0545803 -0.00279817 0.998505 -0.285233
-0.993756 -0.0997033 0.0500879 10.2627 0.0994939 -0.995016 -0.00666203 0.167123 0.0505025 -0.00163699 0.998723 -0.280667
-0.993265 -0.0994319 0.0594736 9.73118 0.0991418 -0.995043 -0.00781612 0.213871 0.0599559 -0.00186717 0.998199 -0.255855
-0.991762 -0.0984336 0.0819643 9.18238 0.0980487 -0.995143 -0.00871749 0.273307 0.0824243 -0.000609187 0.996597 -0.227888
-0.994107 -0.0958323 0.0506709 8.61173 0.0957518 -0.995397 -0.00401765 0.340913 0.0508227 0.000857865 0.998707 -0.206558
-0.994032 -0.0951494 0.0533498 8.05821 0.0951025 -0.995462 -0.00342366 0.400939 0.0534334 0.00167046 0.99857 -0.191619
-0.994415 -0.093179 0.0495585 7.5041 0.0932517 -0.995642 -0.000848771 0.456091 0.0494217 0.00377739 0.998771 -0.175983
-0.994301 -0.0923444 0.0532642 6.94799 0.0923905 -0.995722 -0.00160222 0.520477 0.0531843 0.00332802 0.998579 -0.149101
-0.994391 -0.0917051 0.052691 6.37633 0.0919461 -0.995762 0.00216309 0.581561 0.0522693 0.00699569 0.998609 -0.149194
-0.994486 -0.0904784 0.0530198 5.8349 0.0907145 -0.995875 0.00205878 0.633566 0.0526148 0.00685709 0.998591 -0.122402
-0.993835 -0.0908668 0.063529 5.27184 0.0911295 -0.995838 0.00124369 0.68953 0.0631516 0.00702539 0.997979 -0.0992445
-0.994387 -0.0888913 0.0573827 4.70938 0.0891093 -0.996021 0.00124593 0.744707 0.0570437 0.00635227 0.998351 -0.0813495
-0.994263 -0.0891199 0.0591571 4.15767 0.0895272 -0.995975 0.00426541 0.792296 0.0585389 0.00953711 0.99824 -0.070439
-0.994154 -0.0866017 0.0644766 3.60117 0.0869025 -0.996215 0.00187063 0.849898 0.0640706 0.00746287 0.997917 -0.0312801
-0.994005 -0.0856858 0.0679106 3.04217 0.0855763 -0.996321 -0.00452587 0.90262 0.0680486 0.0013128 0.997681 -0.00469874
-0.996495 -0.0828885 0.0112602 2.45851 0.0828226 -0.996545 -0.00619942 0.957578 0.0117351 -0.0052451 0.999917 -0.025175
-0.995635 -0.0805124 0.0472013 1.91279 0.080226 -0.996745 -0.00793416 0.993669 0.0476865 -0.00411276 0.998854 -0.0053633
-0.995169 -0.0840416 0.0507576 1.37197 0.0845878 -0.996378 0.00870592 1.0613 0.0498421 0.0129573 0.998673 -0.00121022
-0.996358 -0.0817749 0.0241377 0.781791 0.0822148 -0.996455 0.0178342 1.11354 0.0225937 0.0197538 0.99955 -0.0157139
-0.996478 -0.0806716 0.022871 0.234661 0.0810942 -0.99654 0.0181936 1.17172 0.0213242 0.0199842 0.999573 0.00466045
-0.996699 -0.0788075 0.0194894 -0.327948 0.0791396 -0.99672 0.0168965 1.21351 0.018094 0.0183831 0.999667 -0.00276617
-0.996362 -0.0851641 0.00301133 -0.885424 0.0852035 -0.996215 0.017207 1.25171 0.00153451 0.017401 0.999847 -0.00370521
