1714503048.7233222
1714503055.0939505
1714503056.4975977
1714503057.9025216
1714503058.8839223
1714503059.4846649
1714503060.1064413
1714503060.6973474
1714503061.2612975
1714503061.9249728
1714503062.5245054
1714503063.1247218
1714503063.7248244
1714503064.3251445
1714503064.9245563
1714503065.524585
1714503066.124274
1714503066.7046163
1714503067.3244655
1714503067.8503749
1714503068.524559
1714503069.1133151
1714503069.7244797
1714503070.32444
1714503070.9242249
1714503071.5196843
1714503072.1191001
1714503072.7244351
1714503073.3244221
1714503073.924149
1714503074.5247176
1714503075.1244268
1714503075.7243185
1714503076.3246882
1714503076.9241569
1714503077.5237603
1714503078.1237705
1714503078.724232
1714503079.3192825
1714503079.9240994
1714503080.518985
1714503081.1241193
1714503081.7247643
1714503082.2943771
1714503082.923943
1714503083.5241897
1714503084.1190131
1714503084.7240841
1714503085.3244309
1714503085.9242866
1714503086.5139916
1714503087.1245399
1714503087.7110448
1714503088.294642
1714503089.0507088
1714503090.5241294
1714503091.922338
1714503093.2971327
1714503094.6971445
1714503096.095983
1714503097.8953209
1714503098.1961682
1714503098.5825257
1714503099.7924578
1714503100.0865598
1714503100.3922253
1714503100.7040288
1714503101.1064
1714503101.707341
1714503102.9053888
1714503103.5008364
1714503104.0997365
1714503114.3975515
1714503115.7233858
1714503117.1232467
1714503118.5079122
1714503119.912452
1714503121.3159347
1714503121.9190884
1714503122.52353
1714503123.1002865
1714503123.7062974
1714503124.2943294
1714503124.8861439
1714503125.4853616
1714503126.1233349
1714503126.7232742
1714503127.3227129
1714503127.9229283
1714503128.2104359
1714503128.6088521
1714503128.890666
1714503129.1861384
1714503129.8086333
1714503130.510524
1714503131.1726165
1714503131.8049011
1714503132.3593612
1714503133.0052633
1714503133.6220417
1714503134.208375
1714503134.9203379
1714503135.450367
1714503136.1208968
1714503136.7195845
1714503137.3202019
1714503137.9197195
1714503140.721041
1714503141.5193241
1714503142.1196682
1714503142.7198098
1714503143.3197315
1714503143.9200323
1714503144.5189068
1714503145.1206644
1714503145.7004976
1714503146.3205044
1714503146.8988764
1714503147.5008245
1714503148.120075
1714503148.7197449
1714503149.3209696
1714503149.9199982
1714503150.502234
1714503151.1021402
1714503151.719861
1714503152.3100932
1714503152.9057717
1714503153.5064166
1714503154.1177084
1714503154.7024302
1714503155.304312
1714503155.9194927
1714503156.5006936
1714503157.199832
1714503157.8028927
1714503158.4012616
1714503159.0050824
1714503159.6189015
1714503160.2192366
1714503160.8147311
1714503161.4193652
1714503162.018785
1714503162.6195133
1714503163.2203119
1714503163.822098
1714503164.4214363
1714503165.0232139
1714503165.6232417
1714503166.2226429
1714503166.9161384
1714503167.5218098
1714503168.1224618
1714503168.722681
1714503169.2703917
1714503169.8861833
1714503170.4837348
1714503171.1229973
1714503171.7221761
1714503172.3226101
1714503172.922317
1714503173.514195
1714503174.1222084
1714503174.7167325
1714503175.3191106
1714503175.9162064
1714503176.5198529
1714503177.1211472
1714503177.7192528
1714503178.3222346
1714503178.9223039
1714503179.5221012
1714503180.0997534
1714503180.6998742
1714503181.2985241
1714503181.7215765
1714503182.3893762
1714503182.9921455
1714503183.5922239
1714503184.1921546
1714503184.7916377
1714503185.4063773
1714503186.0128777
1714503186.5954173
1714503187.100476
1714503187.800951
1714503188.5080771
1714503189.0805731
1714503189.707696
1714503190.3191743
1714503190.9178205
1714503191.5084643
1714503192.1189408
1714503192.7183406
1714503193.3146122
1714503193.9144652
1714503194.514679
1714503195.115839
1714503195.7160406
1714503196.3171647
1714503196.9171054
1714503197.5009315
1714503198.1038325
1714503198.8174207
1714503199.4177594
1714503200.1181905
1714503200.7184401
1714503201.3207455
1714503201.8482192
1714503202.5204902
1714503203.1192274
1714503203.692497
1714503204.2921751
1714503204.8913708
1714503205.4931755
1714503206.0921874
1714503206.6852148
1714503207.276866
1714503207.9208524
1714503208.4747756
1714503209.0960135
1714503209.6761212
1714503210.2741399
1714503210.9179637
1714503211.5165491
1714503212.1169109
1714503212.6871512
1714503213.2911258
1714503213.8950324
1714503214.4945235
1714503215.0980928
1714503215.7019198
1714503216.3060062
1714503216.8998456
1714503217.5025859
1714503218.1199973
1714503218.7134151
1714503219.3204591
1714503219.8481479
1714503220.5150499
1714503221.0921578
1714503221.7202919
1714503222.3204899
1714503222.8794105
1714503223.4775231
1714503224.1010828
1714503224.8044503
1714503225.4070959
1714503226.0132356
1714503226.6136367
1714503227.2171185
1714503227.816534
1714503228.4177563
1714503229.0192976
1714503229.6208394
1714503230.1851578
1714503230.7477093
1714503231.3973272
1714503232.0023088
1714503232.6061788
1714503233.2125976
1714503233.8154449
1714503234.4211638
1714503234.9921737
1714503235.6207492
1714503236.1466284
1714503236.7783513
1714503237.3471477
1714503237.9961751
1714503238.595228
1714503239.1958447
1714503239.7476141
1714503240.3923185
1714503240.964911
1714503241.5763354
1714503242.1532235
1714503242.7936361
1714503243.3488543
1714503244.021754
1714503244.6048715
1714503245.212801
1714503245.8181171
1714503246.3999386
1714503247.0012324
1714503247.6144216
1714503248.2178299
1714503248.8213322
1714503249.39522
1714503249.9965992
1714503250.6208267
1714503251.1955566
1714503251.7971945
1714503252.4211729
1714503253.0737524
1714503253.6958776
1714503254.3001714
1714503254.9054496
1714503255.6196747
1714503256.221364
1714503256.8207877
1714503257.4210732
1714503258.1206574
1714503258.6211448
1714503259.0211706
1714503259.5219464
1714503260.1215761
1714503260.721411
1714503261.3211756
1714503261.8924224
1714503262.5208821
1714503263.1215224
1714503263.7208867
1714503264.3034327
1714503264.8959494
1714503265.5217192
1714503266.1021523
1714503266.6901145
1714503267.3201115
1714503267.8683159
1714503268.4670472
1714503269.0941951
1714503269.7048559
1714503270.3191984
1714503270.9218576
1714503271.519273
1714503272.121568
1714503272.7222431
1714503273.3218391
1714503273.9216981
1714503274.5212102
1714503275.12166
1714503275.7216954
1714503276.3219976
1714503276.9217191
1714503277.5210519
1714503278.1221669
1714503278.7218785
1714503279.3210104
1714503279.9223971
1714503280.5216208
1714503281.2215207
1714503281.7044539
1714503282.3225174
1714503283.0001607
1714503283.6179035
1714503284.195514
1714503284.8218338
1714503285.4219489
1714503286.0215237
1714503286.621722
1714503287.2199764
1714503287.6222625
1714503288.2213483
1714503288.822526
1714503289.4208302
1714503290.0221198
1714503290.6226611
1714503291.222321
1714503291.8224881
1714503292.4225848
1714503293.1219411
1714503293.7219813
1714503294.32183
1714503295.0217843
1714503295.7198327
1714503296.322288
1714503296.9223127
1714503297.6201584
1714503298.322417
1714503299.0005953
1714503299.6019223
1714503300.2045326
1714503300.8224375
1714503301.422544
1714503302.0106535
1714503302.6128209
1714503303.2170451
1714503303.7484686
1714503304.3744869
1714503305.016844
1714503305.622771
1714503306.1585231
1714503306.7770846
1714503307.3965762
1714503308.0002151
1714503308.5951035
1714503309.1934421
1714503309.7782989
1714503310.4225123
1714503311.005331
1714503311.5974681
1714503312.2122798
1714503312.8096714
1714503313.357837
1714503313.9622531
1714503314.5508015
1714503315.1591876
1714503315.8220983
1714503316.5232208
1714503317.1226368
1714503317.6928902
1714503318.2919548
1714503318.8536818
1714503319.4817715
1714503320.1485026
1714503320.6490731
1714503321.280669
1714503321.9235773
1714503322.5231497
1714503323.123383
1714503323.7054846
1714503324.265758
1714503324.9206719
1714503325.5228324
1714503326.1187885
1714503326.6968589
1714503327.2658787
1714503327.9836128
1714503328.5694644
1714503329.1634798
1714503329.7629135
1714503330.4221134
1714503330.9193318
1714503331.3107984
1714503332.0232911
1714503332.7212629
1714503333.3168583
1714503333.8615434
1714503334.5634305
1714503335.2232277
1714503335.82359
1714503336.4163201
1714503336.9656618
1714503337.5644946
1714503338.2680628
1714503338.8667872
1714503339.4676406
1714503340.067802
1714503340.6644094
1714503341.264308
1714503341.8618996
1714503342.4599853
1714503343.1199503
1714503343.820128
1714503344.4240255
1714503345.0229268
1714503345.7228556
1714503346.2236791
1714503346.7226152
1714503347.217541
1714503347.8245575
1714503348.4223771
1714503349.0015876
1714503349.622735
1714503350.2110846
1714503350.8087637
1714503351.509634
1714503352.115809
1714503352.7178717
1714503353.3230999
1714503353.9233868
1714503354.5235951
1714503355.1233406
1714503355.7237234
1714503356.3233478
1714503356.9234219
1714503357.5225337
1714503358.1236689
1714503358.7232878
1714503359.3237009
1714503359.9215684
1714503360.5179803
1714503361.1235368
1714503361.7042835
1714503362.3227324
1714503362.9231849
1714503363.5172105
1714503364.055002
1714503364.6698432
1714503365.2737556
1714503365.8620543
1714503366.4957275
1714503367.2237809
1714503367.8171284
1714503368.423372
1714503369.0158837
1714503369.6228888
1714503370.2232785
1714503370.749392
1714503371.5232761
1714503372.1175592
1714503372.721472
1714503373.4230449
1714503374.0177853
1714503374.7214339
1714503375.3240738
1714503375.9237392
1714503376.5238283
1714503377.0496409
1714503377.7239261
1714503378.3066499
1714503378.8523707
1714503379.4510274
1714503380.1177998
1714503380.7231331
1714503381.3238091
1714503381.9239585
1714503382.5244193
1714503383.1236649
1714503383.7234814
1714503384.3186009
1714503384.9161351
1714503385.524617
1714503386.2237473
1714503386.7535107
1714503387.4243839
1714503387.9526205
1714503388.623729
1714503389.2186022
1714503389.8241584
1714503390.4226949
1714503391.0229406
1714503391.5795915
1714503392.1785073
1714503392.7949591
1714503393.3771777
1714503393.9935308
1714503394.5928097
1714503395.1945314
1714503395.8493338
1714503396.4985597
1714503397.102747
1714503397.8057144
1714503398.4086199
1714503399.0143728
1714503399.7154357
1714503400.3214078
1714503400.9234636
1714503401.5236509
1714503402.1240616
1714503402.7125802
1714503403.3079484
1714503403.8643417
1714503404.4996061
1714503405.1230285
1714503405.7228925
1714503406.32391
1714503406.9233298
1714503407.5233624
1714503408.1239619
1714503408.7229421
1714503409.3236377
1714503409.9232492
1714503410.5234118
1714503411.1235738
1714503411.723212
1714503412.3231971
1714503412.8917661
1714503413.5238719
1714503414.1223965
1714503414.7235129
1714503415.3236747
1714503415.9230244
1714503416.5225708
1714503417.1215522
1714503417.7227645
1714503418.3218591
1714503418.9153535
1714503419.5042512
1714503420.1105251
1714503420.7173989
1714503421.2485197
1714503421.9233873
1714503422.5232499
1714503423.1225069
1714503423.7050648
1714503424.3234956
1714503424.9236102
1714503425.5229797
1714503426.122679
1714503426.7185557
1714503427.3224728
1714503427.9028404
1714503428.5225248
1714503429.1231725
1714503429.723099
1714503430.3044689
1714503430.9225233
1714503431.5165212
1714503432.1230624
1714503432.7226179
1714503433.3225856
1714503433.9162352
1714503434.5227058
1714503435.1059515
1714503435.722682
1714503436.3222458
1714503436.9226367
1714503437.5221527
1714503438.0703559
1714503438.7225835
1714503439.3225033
1714503439.9231045
1714503440.5231709
1714503441.1225471
1714503441.7222817
1714503442.322845
1714503442.92275
1714503443.5058012
1714503444.103687
1714503444.6547856
1714503445.2800949
1714503445.8711157
1714503446.5190213
1714503447.1221926
1714503447.7229533
1714503448.3225787
1714503448.9102583
1714503449.5234165
1714503450.1231463
1714503450.8222992
1714503451.4226918
1714503452.0218849
1714503452.6221697
1714503453.2223494
1714503453.8073177
1714503454.522191
1714503455.0838616
1714503455.6883631
1714503456.3483629
1714503457.1228597
1714503457.7232888
1714503458.3226957
1714503458.922374
1714503459.5227084
1714503460.1220877
1714503460.7224212
1714503461.3224509
1714503461.8894427
1714503462.5225868
1714503463.1223795
1714503463.7223053
1714503464.4224293
1714503465.0180621
1714503465.6005414
1714503466.2188263
1714503466.8061666
1714503467.396842
1714503468.0222573
1714503468.6222935
1714503469.22189
1714503469.8010197
1714503470.4224112
1714503471.0224192
1714503471.6226861
1714503472.221494
1714503472.8223011
1714503473.5212915
1714503474.1219053
1714503474.6219451
1714503475.2222319
1714503475.82236
1714503476.4224896
1714503477.0220051
1714503477.5944109
1714503478.1883855
1714503478.6829252
1714503479.2738607
1714503479.9217815
1714503480.5216727
1714503481.1215086
1714503481.7221138
1714503482.3213556
1714503482.9218943
1714503483.4996514
1714503484.1218414
1714503484.7217596
1714503485.3215868
1714503485.9214137
1714503486.5214145
1714503487.1218491
1714503487.6996613
1714503488.2996833
1714503488.8992784
1714503489.5218291
1714503490.120826
1714503490.7011125
1714503491.303081
1714503491.9211197
1714503492.5217404
1714503493.1220453
1714503493.7213557
1714503494.3040318
1714503494.9170351
1714503495.5118377
1714503496.1158423
1714503496.7213333
1714503497.3209312
1714503497.9215121
1714503498.5017884
1714503499.102479
1714503499.7212577
1714503500.3213236
1714503500.9219427
1714503501.5217023
1714503502.1208327
1714503502.7219169
1714503503.4215059
1714503504.0950477
1714503504.8167841
1714503505.418191
1714503506.1216543
1714503506.7205989
1714503507.318373
1714503507.9182973
1714503508.6204154
1714503509.2217252
1714503509.8225396
1714503510.4181712
1714503510.9737813
1714503511.6709435
1714503512.3975327
1714503512.9705837
1714503513.5697863
1714503514.2672482
1714503514.7587693
1714503515.3661559
1714503515.9573643
1714503516.5605311
1714503517.161155
1714503517.767091
1714503518.3649383
1714503519.0116408
1714503519.6120729
1714503520.2160039
1714503520.8192751
1714503521.4193392
1714503521.9652393
1714503522.5648391
1714503523.1635818
1714503523.7645094
1714503524.3588285
1714503524.9691088
1714503525.5734477
1714503526.2738566
1714503526.8712556
1714503527.5709875
1714503528.1715868
1714503528.7576203
1714503529.3511984
1714503529.9700899
1714503530.5678034
1714503531.1703701
1714503531.7717254
1714503532.3710728
1714503532.97209
1714503533.5720315
1714503534.17204
1714503534.7714982
1714503535.3710375
1714503535.9720705
1714503536.5693097
1714503537.1695457
1714503537.774852
1714503538.3722754
1714503538.8726645
1714503539.4549387
1714503540.0506709
1714503540.7086041
1714503541.3145864
1714503541.8201962
1714503542.4206038
1714503543.6144736
1714503543.9200828
1714503544.2208385
1714503545.9199655
1714503546.4207501
1714503547.0214999
1714503551.5201249
1714503551.9205956
1714503552.3219891
1714503552.7190452
1714503553.1582963
1714503553.8150427
1714503554.3658133
1714503554.9909003
1714503555.6201403
1714503556.2200217
1714503556.822047
1714503557.420819
1714503558.0214128
1714503558.6212726
1714503559.2190354
1714503559.8197477
1714503560.4214964
1714503560.9980197
1714503561.5976348
1714503562.1939316
1714503562.7068026
1714503563.3220119
1714503563.9220898
1714503564.5221884
1714503565.1221206
1714503565.7221475
1714503566.321486
1714503566.9154866
1714503567.5224385
1714503568.121886
1714503568.7214458
1714503569.3152335
1714503569.9226189
1714503570.521764
1714503571.0215936
1714503571.5905333
1714503572.2223454
1714503572.8223531
1714503573.4218082
1714503574.0220962
1714503574.621841
1714503575.2222071
1714503575.8077869
1714503576.4155192
1714503577.0193734
1714503577.6195405
1714503578.2176235
1714503578.8179185
1714503579.4176571
1714503580.0222907
1714503580.621815
1714503581.2218959
1714503581.9216948
1714503582.5216341
1714503583.1219845
1714503583.7222788
1714503584.3216233
1714503584.9215755
1714503585.5215881
1714503586.121954
1714503586.7216804
1714503587.3091905
1714503587.9171729
1714503588.5162735
1714503589.1212952
1714503589.6977627
1714503590.2475178
1714503590.921797
1714503591.5222304
1714503592.122087
1714503592.7220137
1714503593.3090315
1714503593.8988395
1714503594.5214367
1714503595.1188838
1714503595.7054331
1714503596.2819982
1714503596.8794346
1714503597.4769843
1714503598.0644944
